0.125477 0.130296 -5.53741e-07 -2.92884e-06
0.126255 0.389064 -1.62956e-06 -6.46993e-06
0.376317 0.130356 -1.28664e-06 -1.02385e-06
0.37846 0.389198 -3.82708e-06 -1.69483e-06
0.627522 0.130397 -7.51745e-07 2.09308e-06
0.631568 0.389278 -2.58708e-06 6.23388e-06
0.879009 0.130352 9.10915e-07 6.16424e-06
0.885378 0.38914 1.64697e-06 1.66612e-05
1.13032 0.130276 1.45945e-06 1.03595e-05
1.13877 0.388933 2.80375e-06 2.74755e-05
1.38142 0.130176 6.8659e-07 1.44447e-05
1.39161 0.388669 4.72833e-07 3.80539e-05
1.6325 0.13006 -6.25634e-07 1.78657e-05
1.64442 0.388351 -3.21661e-06 4.69351e-05
1.8836 0.129924 -2.43315e-06 2.04717e-05
1.89728 0.387974 -8.18354e-06 5.37096e-05
2.13466 0.129732 -5.12959e-06 2.1906e-05
2.15004 0.387459 -1.52751e-05 5.74066e-05
2.38568 0.129486 -8.42176e-06 2.22029e-05
2.40269 0.386811 -2.35e-05 5.81812e-05
2.63665 0.129235 -1.054e-05 2.17969e-05
2.65525 0.386147 -2.84952e-05 5.71036e-05
2.8876 0.128979 -1.13171e-05 2.09027e-05
2.90773 0.385463 -3.00717e-05 5.48125e-05
3.13854 0.128681 -1.11368e-05 2.02724e-05
3.16021 0.384662 -2.92005e-05 5.32497e-05
3.3895 0.128335 -1.01797e-05 1.99669e-05
3.41273 0.383734 -2.64277e-05 5.24773e-05
3.64051 0.127949 -9.05197e-06 1.97903e-05
3.66538 0.382693 -2.3313e-05 5.20679e-05
3.89158 0.127518 -7.87954e-06 1.97646e-05
3.91819 0.38152 -2.01602e-05 5.21333e-05
4.14275 0.127008 -6.8754e-06 2.01151e-05
4.17126 0.380145 -1.75138e-05 5.31667e-05
4.39403 0.126442 -6.05853e-06 2.08374e-05
4.42459 0.378654 -1.53785e-05 5.50965e-05
4.64539 0.125946 -5.39158e-06 2.17938e-05
4.67812 0.377369 -1.36428e-05 5.76104e-05
4.89683 0.125544 -4.87435e-06 2.29039e-05
4.93184 0.376344 -1.23153e-05 6.04435e-05
5.14833 0.125281 -4.53146e-06 2.38918e-05
5.18569 0.375687 -1.14498e-05 6.2933e-05
5.39986 0.125144 -4.31834e-06 2.46619e-05
5.43962 0.37534 -1.08608e-05 6.47722e-05
5.65135 0.125037 -4.04114e-06 2.49385e-05
5.69344 0.375059 -1.00889e-05 6.52723e-05
5.90279 0.124945 -3.69995e-06 2.47498e-05
5.94714 0.374807 -9.19036e-06 6.46358e-05
6.15416 0.124852 -3.38013e-06 2.43273e-05
6.20068 0.374537 -8.33903e-06 6.33819e-05
6.40546 0.124757 -3.0584e-06 2.36885e-05
6.45413 0.374248 -7.41614e-06 6.15239e-05
6.65678 0.124667 -2.61122e-06 2.28064e-05
6.70765 0.37397 -6.16821e-06 5.90496e-05
6.90813 0.124577 -2.0393e-06 2.18185e-05
6.96129 0.373682 -4.62698e-06 5.6584e-05
7.15953 0.124449 -1.39015e-06 2.12423e-05
7.21509 0.373288 -2.86508e-06 5.52715e-05
7.411 0.124268 -6.60672e-07 2.10158e-05
7.46912 0.372729 -8.37196e-07 5.46377e-05
7.66259 0.124009 1.7699e-07 2.07468e-05
7.72349 0.371948 1.53394e-06 5.38552e-05
7.91431 0.123698 1.18272e-06 2.03539e-05
7.97823 0.371084 4.47055e-06 5.26983e-05
8.16614 0.123447 2.55588e-06 1.96782e-05
8.23326 0.370406 8.31041e-06 5.08587e-05
8.41809 0.123226 4.21688e-06 1.87979e-05
8.48861 0.369736 1.25254e-05 4.87337e-05
8.67018 0.122902 5.85106e-06 1.80079e-05
8.74435 0.368778 1.6425e-05 4.68346e-05
8.92244 0.122496 7.0156e-06 1.73072e-05
9.00049 0.367726 1.79452e-05 4.50355e-05
9.17487 0.122109 6.43717e-06 1.66199e-05
9.25704 0.366748 1.48344e-05 4.3189e-05
9.42744 0.121745 4.46307e-06 1.57507e-05
9.51384 0.365808 9.447e-06 4.02364e-05
9.68003 0.121424 2.33037e-06 1.4158e-05
9.77076 0.364939 3.90628e-06 3.52422e-05
9.93264 0.121136 3.35193e-07 1.18587e-05
10.0279 0.364079 -5.71923e-07 2.8576e-05
10.1853 0.120823 -9.34906e-07 8.98267e-06
10.2854 0.363055 -3.10981e-06 2.05289e-05
10.4382 0.120451 -1.63356e-06 5.91539e-06
10.5442 0.361637 -4.80086e-06 1.32411e-05
10.6918 0.11995 -2.21894e-06 3.59755e-06
10.8051 0.359656 -6.35728e-06 8.05094e-06
10.9464 0.119169 -3.04374e-06 2.19976e-06
11.0704 0.356318 -9.66074e-06 5.60715e-06
11.2029 0.117734 -4.86103e-06 2.00792e-06
11.3412 0.351072 -1.54898e-05 6.06135e-06
11.4619 0.115581 -7.30995e-06 2.39779e-06
11.6202 0.343645 -2.16845e-05 5.83285e-06
11.7242 0.112654 -9.64189e-06 2.12637e-06
11.9091 0.333854 -2.60617e-05 3.94303e-06
11.9905 0.1087 -1.04027e-05 1.39994e-06
12.2121 0.320285 -2.08048e-05 1.51506e-06
12.2622 0.103313 -7.59076e-06 5.72762e-07
12.531 0.304886 -1.57589e-05 6.51057e-06
12.5397 0.0975487 -6.3431e-06 2.80406e-06
12.8704 0.29079 -3.04902e-05 2.54582e-05
12.8243 0.0921787 -1.09268e-05 9.78674e-06
13.2442 0.267368 -7.44632e-05 -1.3073e-05
13.1204 0.084217 -2.31953e-05 3.19458e-06
13.6708 0.234627 -2.48328e-05 -5.43184e-05
13.4315 0.0730007 -3.30065e-05 -1.72683e-05
14.1726 0.202271 5.42289e-05 2.95771e-05
13.7598 0.0621844 4.47234e-06 -2.25807e-05
14.7662 0.159503 -3.52496e-05 -8.49972e-06
14.111 0.0524219 2.7445e-05 4.154e-06
15.3497 0.0942171 5.36831e-05 -2.80709e-05
14.4778 0.0395444 -4.07442e-06 4.0562e-05
0.127002 0.647662 -3.59754e-06 -1.64205e-06
0.127684 0.905432 -6.45083e-06 1.19517e-05
0.380451 0.647682 -8.73605e-06 3.73955e-06
0.382205 0.905205 -1.60565e-05 1.57111e-05
0.634887 0.647609 -8.28499e-06 1.34011e-05
0.637313 0.904837 -1.83175e-05 2.40252e-05
0.890045 0.647278 -2.96751e-06 2.66325e-05
0.892727 0.904244 -1.4076e-05 3.64456e-05
1.14476 0.646919 -2.56596e-06 4.10743e-05
1.1479 0.90372 -1.58466e-05 5.13346e-05
1.39888 0.646527 -7.54756e-06 5.58689e-05
1.40272 0.903239 -2.40887e-05 6.77473e-05
1.65298 0.646003 -1.43501e-05 6.87772e-05
1.65753 0.902517 -3.40679e-05 8.27553e-05
1.90715 0.645348 -2.2567e-05 7.91133e-05
1.91242 0.901557 -4.47861e-05 9.54592e-05
2.16123 0.644538 -3.22144e-05 8.52393e-05
2.16728 0.900488 -5.45001e-05 0.000103762
2.41521 0.643581 -4.19404e-05 8.73132e-05
2.42211 0.899313 -6.21521e-05 0.000107661
2.66909 0.642567 -4.7068e-05 8.64286e-05
2.67689 0.898012 -6.48366e-05 0.000107752
2.9229 0.641478 -4.76138e-05 8.35861e-05
2.93164 0.896557 -6.27536e-05 0.00010521
3.17671 0.640201 -4.4812e-05 8.15531e-05
3.18641 0.894854 -5.70409e-05 0.00010316
3.43057 0.638712 -3.95587e-05 8.04991e-05
3.44124 0.892862 -4.8834e-05 0.000102065
3.6846 0.636993 -3.40836e-05 8.03392e-05
3.69621 0.890509 -4.07221e-05 0.000102604
3.93883 0.635039 -2.88308e-05 8.11166e-05
3.95134 0.88783 -3.32608e-05 0.0001045
4.19334 0.632826 -2.45783e-05 8.29823e-05
4.20665 0.884913 -2.73737e-05 0.000107127
4.44811 0.630522 -2.12349e-05 8.58284e-05
4.46207 0.881989 -2.28417e-05 0.000110443
4.70305 0.62859 -1.85212e-05 8.93971e-05
4.71748 0.879589 -1.91977e-05 0.000114408
4.95813 0.627083 -1.64335e-05 9.32938e-05
4.9729 0.877733 -1.63782e-05 0.000118637
5.21335 0.626119 -1.49937e-05 9.6768e-05
5.22846 0.87651 -1.43148e-05 0.000122519
5.46868 0.625575 -1.39097e-05 9.9259e-05
5.48423 0.875725 -1.27146e-05 0.000125303
5.72399 0.625098 -1.26893e-05 9.98291e-05
5.74024 0.874963 -1.11839e-05 0.000125948
5.97933 0.624601 -1.13309e-05 9.87467e-05
5.99666 0.874063 -9.46577e-06 0.000124495
6.23469 0.623977 -9.84734e-06 9.64293e-05
6.25359 0.872849 -7.26771e-06 0.000121002
6.4902 0.623258 -8.18129e-06 9.31277e-05
6.51114 0.871427 -4.88285e-06 0.000116322
6.74603 0.622526 -6.2559e-06 8.91503e-05
6.76941 0.869945 -2.58017e-06 0.000111265
7.00223 0.621746 -3.93337e-06 8.55473e-05
7.02845 0.868354 2.58501e-07 0.000106785
7.25885 0.620783 -1.07214e-06 8.34327e-05
7.28827 0.866517 4.1027e-06 0.000103606
7.51598 0.6195 2.54148e-06 8.20884e-05
7.54894 0.864189 9.44959e-06 0.000101469
7.77374 0.617815 7.08494e-06 8.08793e-05
7.8105 0.861269 1.65119e-05 0.000100208
8.03213 0.61611 1.22738e-05 7.95644e-05
8.07287 0.858496 2.34501e-05 9.98214e-05
8.29104 0.614774 1.79093e-05 7.79778e-05
8.33596 0.856322 2.9284e-05 0.000100219
8.55035 0.613435 2.24572e-05 7.61927e-05
8.59923 0.854232 3.12009e-05 0.0001
8.80999 0.611779 2.49951e-05 7.42343e-05
8.86253 0.85198 2.85438e-05 9.86728e-05
9.06989 0.610218 2.3473e-05 7.17857e-05
9.12566 0.850021 2.28988e-05 9.58284e-05
9.33006 0.608821 1.71952e-05 6.85799e-05
9.38876 0.848203 1.50715e-05 9.09591e-05
9.59079 0.607265 9.88721e-06 6.26881e-05
9.6535 0.84558 7.7602e-06 8.17792e-05
9.85234 0.605499 2.96312e-06 5.36286e-05
9.92086 0.841877 1.61926e-06 6.88906e-05
10.1158 0.603049 -1.99065e-06 4.293e-05
10.1938 0.835975 -2.49647e-06 5.56922e-05
10.3817 0.599479 -4.84369e-06 3.14056e-05
10.4741 0.826571 -5.52922e-06 4.32366e-05
10.6527 0.593547 -7.54594e-06 2.19875e-05
10.7654 0.81093 -9.74825e-06 3.32071e-05
10.9302 0.584908 -1.08507e-05 1.52716e-05
11.0719 0.788886 -1.43909e-05 2.35778e-05
11.2186 0.572502 -1.66291e-05 1.13422e-05
11.3984 0.759818 -1.92253e-05 1.37001e-05
11.5193 0.555959 -2.38939e-05 8.90193e-06
11.7485 0.723341 -2.29976e-05 5.14657e-06
11.8363 0.535263 -3.01802e-05 4.88348e-06
12.1253 0.680893 -2.62616e-05 -5.35478e-06
12.1741 0.509452 -2.79384e-05 -8.54304e-07
12.5333 0.632202 -2.74245e-05 5.91331e-06
12.5366 0.479582 -2.30888e-05 8.01106e-06
12.98 0.579102 -5.03417e-05 5.49571e-05
12.931 0.449718 -4.69173e-05 4.18389e-05
13.4897 0.510056 -8.80877e-05 -9.93026e-05
13.3796 0.405234 -0.000106257 -5.78211e-05
14.0851 0.436806 8.92267e-05 3.92949e-06
13.9124 0.350928 7.45178e-05 -5.62946e-05
14.8172 0.358865 -1.61726e-05 -8.81244e-05
14.5929 0.293631 -3.318e-05 0.00010617
15.7822 0.238476 0.000232853 4.49863e-05
15.4837 0.183543 0.000126887 -1.18453e-05
17.0197 0.16974 0.000742456 -7.81797e-05
16.2593 0.108297 0.000149467 -2.87711e-05
17.18 0.108886 0.000619219 -9.29651e-05
0.128396 1.16232 -9.99214e-06 3.07868e-05
0.129128 1.41827 -1.3779e-05 5.40217e-05
0.384048 1.16214 -2.54222e-05 3.30884e-05
0.385962 1.41848 -3.56392e-05 5.52458e-05
0.639934 1.16171 -3.3011e-05 4.02872e-05
0.642796 1.41826 -5.0206e-05 6.16395e-05
0.895745 1.16095 -3.32186e-05 5.20568e-05
0.899282 1.41743 -5.7115e-05 7.28346e-05
1.15142 1.16025 -3.82997e-05 6.71343e-05
1.15564 1.41652 -6.58909e-05 8.76417e-05
1.40689 1.15957 -4.86094e-05 8.43205e-05
1.4118 1.41552 -7.67892e-05 0.000104512
1.66233 1.15858 -5.95622e-05 9.961e-05
1.66791 1.41421 -8.65828e-05 0.000118329
1.91782 1.1573 -7.00622e-05 0.000112192
1.92403 1.4126 -9.45499e-05 0.000128663
2.17332 1.15591 -7.794e-05 0.00012065
2.18013 1.41083 -9.93108e-05 0.000135582
2.4288 1.15441 -8.25116e-05 0.00012498
2.4362 1.4089 -0.0001005 0.000139174
2.68428 1.15273 -8.22624e-05 0.000125523
2.6923 1.40676 -9.7389e-05 0.000139688
2.93979 1.15083 -7.73938e-05 0.000123496
2.94847 1.40436 -9.00073e-05 0.000138271
3.19536 1.14864 -6.86622e-05 0.000121909
3.20476 1.40164 -7.85311e-05 0.000137493
3.45101 1.14612 -5.73766e-05 0.000121305
3.4611 1.39859 -6.4403e-05 0.000137797
3.70672 1.14324 -4.62719e-05 0.000122558
3.7174 1.39527 -5.03452e-05 0.000139844
3.96249 1.14004 -3.60422e-05 0.000125314
3.97368 1.39169 -3.71734e-05 0.00014345
4.21833 1.13663 -2.77786e-05 0.000128851
4.22997 1.38791 -2.60861e-05 0.000148301
4.47427 1.13325 -2.13245e-05 0.000133114
4.48655 1.3841 -1.72101e-05 0.000154177
4.73033 1.13036 -1.63701e-05 0.000138069
4.7437 1.38061 -1.06775e-05 0.000160832
4.98661 1.12796 -1.27619e-05 0.000143149
5.00167 1.37736 -6.26453e-06 0.000167334
5.24335 1.12612 -1.03224e-05 0.00014761
5.26078 1.37444 -3.72841e-06 0.000172661
5.50071 1.12461 -8.4964e-06 0.000150617
5.52121 1.37165 -1.88399e-06 0.00017598
5.75878 1.12301 -6.68568e-06 0.000151211
5.78298 1.36859 2.69005e-07 0.000176534
6.01771 1.12117 -4.54183e-06 0.000149302
6.04605 1.36527 2.86469e-06 0.000174254
6.27757 1.11894 -1.76075e-06 0.000144814
6.31035 1.36161 5.97817e-06 0.000169162
6.53838 1.11647 1.09525e-06 0.000139251
6.57566 1.35777 9.01881e-06 0.000163353
6.80015 1.11392 3.67508e-06 0.000133646
6.84193 1.3539 1.18083e-05 0.000157787
7.06291 1.1113 6.95736e-06 0.000128714
7.10916 1.35012 1.5418e-05 0.000152867
7.32665 1.10847 1.14616e-05 0.000124868
7.37724 1.3463 2.01288e-05 0.000149035
7.59115 1.10504 1.75887e-05 0.000122828
7.64543 1.34181 2.56786e-05 0.000148349
7.85633 1.10095 2.52736e-05 0.000122686
7.91358 1.33685 3.18673e-05 0.000150191
8.12197 1.09744 3.23011e-05 0.00012334
8.18134 1.33311 3.79231e-05 0.000150893
8.38797 1.09486 3.75575e-05 0.000124306
8.44883 1.33058 4.29628e-05 0.000150109
8.65412 1.09233 3.79481e-05 0.000123921
8.71713 1.32773 4.50182e-05 0.000147613
8.9206 1.08957 3.35973e-05 0.000122048
8.98758 1.3238 4.34429e-05 0.00014463
9.18831 1.08634 2.67764e-05 0.000119099
9.26325 1.31734 3.73139e-05 0.000143025
9.4582 1.08185 1.808e-05 0.000113063
9.54706 1.30598 2.56367e-05 0.000134654
9.73351 1.07411 8.49978e-06 9.92707e-05
9.84299 1.28694 8.69262e-06 0.000112736
10.0165 1.06279 7.66652e-07 8.10929e-05
10.1565 1.26033 -1.51851e-07 8.60807e-05
10.3111 1.04699 -2.25683e-06 6.33139e-05
10.4908 1.22565 -3.92413e-07 6.19656e-05
10.6203 1.02384 -5.38988e-06 4.90876e-05
10.8478 1.18003 -4.10522e-06 4.86098e-05
10.9466 0.991516 -1.08856e-05 3.83198e-05
11.2291 1.12306 -1.49693e-05 3.67659e-05
11.2964 0.95015 -1.65793e-05 2.43099e-05
11.638 1.05496 -2.32064e-05 1.72319e-05
11.6738 0.899152 -1.77755e-05 8.33472e-06
12.0785 0.980661 -2.26317e-05 -5.15227e-06
12.0831 0.841323 -1.90819e-05 -8.87365e-06
12.5585 0.900201 -2.39558e-05 3.43568e-06
12.5334 0.775234 -2.97749e-05 1.94596e-06
13.1077 0.796766 -2.698e-07 4.42057e-05
13.0407 0.693413 -3.86542e-05 5.94842e-05
13.7356 0.671364 -6.20214e-05 -0.000109467
13.6136 0.595572 -5.72941e-05 -0.000124422
14.4458 0.568049 0.000132873 0.000104611
14.2684 0.506517 7.2023e-05 0.000104374
15.2457 0.443965 0.000311829 -0.000214106
15.0261 0.406009 0.000106504 -0.000238234
16.1409 0.333019 0.000439368 -2.82262e-05
15.9422 0.294215 0.000326536 4.83694e-05
17.4604 0.254377 0.00148819 -0.000418272
17.3681 0.21248 0.00115587 -0.000276692
19.3265 0.226759 0.00491095 -0.000653255
18.5556 0.158345 0.00244808 -0.000289471
0.129802 1.6734 -1.63921e-05 8.02231e-05
0.130445 1.92776 -1.7645e-05 0.000109093
0.38773 1.67427 -4.27207e-05 8.05355e-05
0.389426 1.92946 -4.61237e-05 0.000108369
0.645467 1.67441 -6.21886e-05 8.54128e-05
0.648095 1.93009 -6.79449e-05 0.000110901
0.902631 1.67352 -7.37155e-05 9.43595e-05
0.906022 1.92919 -8.15624e-05 0.000116035
1.15969 1.67238 -8.42116e-05 0.000106595
1.16383 1.92784 -9.1855e-05 0.000123564
1.41658 1.67106 -9.40279e-05 0.000120607
1.42147 1.92618 -9.93815e-05 0.00013246
1.67342 1.66942 -0.000101645 0.000131469
1.67906 1.92422 -0.000104238 0.000139369
1.93028 1.66749 -0.00010675 0.000139112
1.93668 1.92195 -0.000106488 0.000144414
2.18709 1.66532 -0.000108763 0.000144518
2.19425 1.91939 -0.000106248 0.000148661
2.44386 1.66294 -0.000107489 0.000147591
2.45175 1.91656 -0.000103346 0.00015155
2.70066 1.66032 -0.000102543 0.00014801
2.70923 1.91349 -9.74006e-05 0.000151798
2.95747 1.65747 -9.37265e-05 0.000146864
2.96663 1.91022 -8.80628e-05 0.000150567
3.21429 1.65435 -8.07041e-05 0.000146382
3.22388 1.9068 -7.47377e-05 0.000149994
3.47112 1.65093 -6.51451e-05 0.000147332
3.48121 1.90305 -5.93004e-05 0.000151492
3.72802 1.64717 -4.98397e-05 0.000150853
3.73893 1.89872 -4.45261e-05 0.00015706
3.98518 1.64297 -3.54865e-05 0.000156489
3.9976 1.89353 -3.0754e-05 0.000165524
4.24282 1.63827 -2.30266e-05 0.000163643
4.25767 1.88723 -1.84095e-05 0.000175518
4.50129 1.63329 -1.28041e-05 0.000171646
4.51943 1.88031 -8.03875e-06 0.00018577
4.76091 1.62845 -5.20011e-06 0.000179821
4.78305 1.87329 -1.18444e-07 0.000195149
5.02188 1.62371 -9.01765e-08 0.000187514
5.04843 1.86642 5.30793e-06 0.000204012
5.28455 1.61927 2.66638e-06 0.000194111
5.31579 1.86005 8.28718e-06 0.000212486
5.54891 1.6149 4.82476e-06 0.000198586
5.58474 1.85387 1.09384e-05 0.000219051
5.81488 1.61024 7.45712e-06 0.000200237
5.85505 1.84759 1.40421e-05 0.000222942
6.08226 1.60539 1.02501e-05 0.000198695
6.12647 1.84135 1.6602e-05 0.000223172
6.35087 1.60035 1.30729e-05 0.000194051
6.39869 1.83515 1.84557e-05 0.000220052
6.62027 1.59531 1.56291e-05 0.000188978
6.67113 1.82931 1.99014e-05 0.000216542
6.8903 1.59042 1.80908e-05 0.000184207
6.94352 1.82395 2.16953e-05 0.000213065
7.16075 1.58592 2.18683e-05 0.000179796
7.21525 1.81934 2.58373e-05 0.000209507
7.43144 1.58154 2.70061e-05 0.000176487
7.48649 1.81497 3.23437e-05 0.000206611
7.70172 1.57655 3.29995e-05 0.000176604
7.75727 1.81024 4.10855e-05 0.000205651
7.97178 1.57134 3.94283e-05 0.000178271
8.02899 1.80489 4.9976e-05 0.000204765
8.24209 1.56702 4.56883e-05 0.00017751
8.3039 1.79858 5.71566e-05 0.000202061
8.514 1.56258 5.04297e-05 0.000174504
8.5864 1.78821 5.90757e-05 0.000196852
8.79023 1.55552 5.20989e-05 0.000169468
8.88049 1.77046 5.49721e-05 0.000189258
9.07419 1.54449 5.04504e-05 0.00016572
9.19228 1.74433 5.21566e-05 0.000184305
9.36957 1.52802 4.4269e-05 0.00016365
9.52465 1.70836 4.77904e-05 0.000174437
9.68086 1.50192 2.93318e-05 0.000146323
9.87961 1.65899 3.25108e-05 0.000140674
10.0109 1.46491 9.61496e-06 0.000113411
10.2594 1.59726 1.0842e-05 9.72905e-05
10.3661 1.41804 3.06467e-06 7.76515e-05
10.6678 1.52491 8.12557e-07 7.02731e-05
10.7501 1.36014 2.26069e-06 5.7044e-05
11.1073 1.44127 -7.64565e-06 5.9271e-05
11.1649 1.28875 -1.08408e-05 4.81228e-05
11.5804 1.34161 -4.2179e-05 4.49313e-05
11.6129 1.20098 -3.47881e-05 3.06969e-05
12.0984 1.22764 -5.54021e-05 2.19582e-05
12.0935 1.10599 -3.52787e-05 4.83166e-06
12.6567 1.10466 4.44794e-05 -9.3035e-06
12.6079 1.00685 -1.65915e-06 5.40035e-06
13.2745 0.962313 0.000222306 -0.000120293
13.1919 0.884004 8.78249e-05 -2.30114e-05
13.9414 0.809985 -0.000181358 -1.92578e-05
13.8474 0.740666 -0.000128461 -5.74738e-05
14.7171 0.675224 0.000623785 -0.000261413
14.5965 0.622167 0.000320213 -3.90511e-05
15.5558 0.533596 0.000776143 -0.000117104
15.4327 0.483727 0.000535843 -0.000124316
16.5452 0.37754 0.000846558 -0.000258065
16.3682 0.348979 0.000547667 -0.000175431
17.6984 0.319847 0.00246585 -0.000883961
17.5657 0.292507 0.0019233 -0.000616258
19.2098 0.319987 0.00650442 -0.000669313
19.3314 0.275666 0.00596437 -0.000799658
20.7165 0.34114 0.0117287 -0.00145555
20.0228 0.211736 0.00598911 -0.000480568
0.13108 2.18141 -1.7332e-05 0.000140142
0.131678 2.43425 -1.55492e-05 0.000174136
0.39115 2.18378 -4.52755e-05 0.000137457
0.392824 2.437 -4.04974e-05 0.000168722
0.651064 2.18492 -6.65006e-05 0.000136767
0.654238 2.43856 -5.87547e-05 0.000163883
0.910266 2.18424 -7.94652e-05 0.000137316
0.91516 2.43828 -6.9102e-05 0.00015893
1.16911 2.18278 -8.83684e-05 0.000139019
1.17532 2.43686 -7.57973e-05 0.00015426
1.42759 2.18075 -9.38186e-05 0.000141778
1.43474 2.43461 -7.93467e-05 0.000150889
1.68597 2.17845 -9.63713e-05 0.000145131
1.69394 2.43202 -7.99888e-05 0.000151365
1.94432 2.17585 -9.63253e-05 0.00014893
1.95296 2.42915 -7.81164e-05 0.000154835
2.2025 2.17298 -9.42867e-05 0.00015303
2.21159 2.42609 -7.45443e-05 0.000159242
2.4605 2.16985 -9.00267e-05 0.00015626
2.46994 2.42277 -6.90401e-05 0.000162934
2.71839 2.16646 -8.30553e-05 0.000156408
2.72823 2.41903 -6.11305e-05 0.000163182
2.97635 2.16271 -7.33758e-05 0.000155221
2.98712 2.41455 -5.1482e-05 0.000162457
3.23465 2.15853 -6.09544e-05 0.000155482
3.24737 2.40895 -4.09832e-05 0.000164255
3.4937 2.15364 -4.72476e-05 0.000158515
3.50957 2.402 -3.01273e-05 0.000169248
3.75393 2.14776 -3.41742e-05 0.000166032
3.77415 2.39353 -1.95044e-05 0.000178192
4.01574 2.14067 -2.17201e-05 0.000176226
4.04084 2.38366 -8.8752e-06 0.00018889
4.27946 2.13221 -9.93783e-06 0.000187405
4.30949 2.3725 1.83138e-06 0.000199777
4.54518 2.12311 -4.3385e-07 0.000198905
4.57974 2.3611 9.17604e-06 0.000212179
4.81302 2.11391 5.85666e-06 0.000210131
4.85161 2.34992 1.18324e-05 0.00022642
5.0827 2.10502 9.57522e-06 0.000221509
5.12496 2.33936 1.19336e-05 0.000241704
5.35437 2.09685 1.11773e-05 0.000233
5.39984 2.32983 1.06046e-05 0.000257035
5.62729 2.08916 1.3271e-05 0.000241965
5.67543 2.32128 1.10341e-05 0.000268089
5.90107 2.08181 1.61604e-05 0.000247726
5.95123 2.3136 1.29584e-05 0.00027512
6.17534 2.07463 1.82356e-05 0.000249971
6.22661 2.30603 1.46071e-05 0.000279877
6.44969 2.06773 1.96128e-05 0.000248947
6.50143 2.29902 1.67072e-05 0.000280592
6.72371 2.06171 2.11601e-05 0.000245798
6.7754 2.29359 2.04419e-05 0.000275126
6.99719 2.05644 2.43286e-05 0.00024157
7.04936 2.28869 2.78814e-05 0.000267681
7.26991 2.05184 3.11457e-05 0.000237396
7.32409 2.28373 4.02649e-05 0.000261095
7.54326 2.04658 4.06216e-05 0.000233605
7.60368 2.27505 5.3076e-05 0.000255207
7.81839 2.0395 5.19334e-05 0.000230509
7.89087 2.26037 6.4187e-05 0.000250543
8.09911 2.02917 6.12861e-05 0.000228194
8.19328 2.23724 7.01358e-05 0.000250583
8.389 2.01434 6.66132e-05 0.000225394
8.51504 2.20383 7.12243e-05 0.000246868
8.69486 1.9902 6.37557e-05 0.000216063
8.86094 2.15661 6.62496e-05 0.000226381
9.01992 1.95484 5.64035e-05 0.000203839
9.23268 2.09672 6.26234e-05 0.000209518
9.37006 1.90857 5.58227e-05 0.000195642
9.63197 2.02459 6.518e-05 0.000192522
9.74868 1.84802 5.62059e-05 0.000168078
10.0605 1.93707 5.53177e-05 0.000145673
10.1568 1.77162 3.12916e-05 0.000119408
10.5222 1.83391 8.48467e-07 9.92481e-05
10.5967 1.68101 -2.70048e-06 8.55985e-05
11.0238 1.71592 -2.03895e-05 9.64761e-05
11.0661 1.58051 -1.05741e-05 7.45254e-05
11.5539 1.58725 9.95497e-07 4.05511e-05
11.5631 1.46844 -2.83314e-05 4.73808e-05
12.1122 1.44741 1.05418e-05 9.28974e-06
12.1011 1.34245 -5.54378e-05 3.13116e-05
12.7402 1.28638 0.00023113 -0.000134795
12.7014 1.1974 0.000119658 -5.27177e-05
13.4139 1.11001 0.000555321 -0.000267724
13.3494 1.03628 0.000377372 -0.000203747
14.0878 0.951238 8.21587e-05 -0.000123084
14.0227 0.879652 -0.000119581 -3.58295e-05
14.8998 0.787601 0.00150253 -0.000696622
14.8187 0.729465 0.00103579 -0.000504877
15.6863 0.649918 0.00139687 -0.000268232
15.6307 0.589694 0.00105426 -0.000168874
16.6411 0.483144 0.00167637 -0.000434107
16.6309 0.425725 0.00125893 -0.000329134
17.8164 0.416316 0.0038652 -0.00140651
17.7825 0.359167 0.00310882 -0.00115492
18.945 0.383746 0.00683885 -0.000451931
19.1083 0.356594 0.00688044 -0.000564424
20.546 0.458274 0.0141721 -0.00136559
20.7432 0.408791 0.0137538 -0.00178719
21.8312 0.428956 0.0149208 0.00113194
21.6411 0.244004 0.00924139 0.000223696
0.132279 2.6863 -1.25986e-05 0.000213232
0.132856 2.93759 -8.93819e-06 0.000253962
0.39451 2.68907 -3.27444e-05 0.000204798
0.396118 2.94011 -2.32196e-05 0.000242761
0.657432 2.69075 -4.71832e-05 0.000194704
0.660398 2.94166 -3.34043e-05 0.000227704
0.920092 2.69075 -5.49633e-05 0.00018297
0.924617 2.94177 -3.87256e-05 0.000209803
1.18171 2.68959 -5.9418e-05 0.0001729
1.18773 2.94102 -4.10715e-05 0.00019587
1.44224 2.68753 -6.09671e-05 0.000165838
1.44948 2.93958 -4.07433e-05 0.000186919
1.70208 2.68506 -5.98554e-05 0.00016443
1.70981 2.93762 -3.80387e-05 0.000184075
1.96144 2.6822 -5.64015e-05 0.000167113
1.96942 2.93494 -3.31363e-05 0.0001853
2.2205 2.67895 -5.11946e-05 0.000170667
2.22932 2.93124 -2.62782e-05 0.000187043
2.47976 2.67499 -4.45292e-05 0.000173906
2.49056 2.92589 -1.86401e-05 0.000189116
2.73996 2.66988 -3.67451e-05 0.000175035
2.75451 2.91815 -1.17517e-05 0.000191306
3.00178 2.66335 -2.83094e-05 0.000175703
3.02142 2.90818 -5.2082e-06 0.00019339
3.26591 2.6551 -1.98241e-05 0.000178103
3.29145 2.89614 1.37144e-06 0.000195342
3.53255 2.64536 -1.12413e-05 0.000183288
3.56375 2.88308 8.17263e-06 0.000199516
3.80191 2.63427 -2.57258e-06 0.000192067
3.83803 2.86955 1.51346e-05 0.000207252
4.07326 2.62207 5.54613e-06 0.000202877
4.11338 2.85568 1.96639e-05 0.000218731
4.34634 2.60885 1.28109e-05 0.000214846
4.3896 2.84146 2.12117e-05 0.000233862
4.62049 2.59573 1.63793e-05 0.000229925
4.66622 2.82756 2.0305e-05 0.000253351
4.89552 2.58311 1.55882e-05 0.000248178
4.94281 2.81439 1.71068e-05 0.000276072
5.17131 2.57139 1.27022e-05 0.000267366
5.21926 2.80227 1.25204e-05 0.00029854
5.44775 2.56107 8.9075e-06 0.000285384
5.49548 2.79173 6.8102e-06 0.000317428
5.72444 2.55214 6.75908e-06 0.000296989
5.7717 2.78277 6.17777e-07 0.000327864
6.00097 2.54432 6.68888e-06 0.000303945
6.04824 2.77475 -1.61698e-06 0.000332425
6.27678 2.53655 8.7815e-06 0.000308914
6.32462 2.76694 2.92876e-06 0.000333181
6.55253 2.52937 1.37905e-05 0.000308634
6.60334 2.75849 1.3556e-05 0.000330506
6.82822 2.52331 2.23392e-05 0.000300979
6.88524 2.74879 2.94032e-05 0.000323478
7.10707 2.51589 3.53253e-05 0.000290543
7.17786 2.73321 4.7076e-05 0.000309275
7.39122 2.50574 5.22809e-05 0.000279919
7.48498 2.70922 6.51454e-05 0.000293967
7.68743 2.48688 6.64923e-05 0.000272637
7.81376 2.6705 7.90488e-05 0.000290263
7.99907 2.4572 7.5208e-05 0.000269776
8.16681 2.61632 8.40989e-05 0.000290148
8.33455 2.41446 7.54575e-05 0.000273806
8.54757 2.54639 8.23003e-05 0.000285238
8.69915 2.3559 7.56392e-05 0.000257298
8.96026 2.45983 8.48801e-05 0.000247309
9.0958 2.2815 7.38989e-05 0.000224255
9.40856 2.36011 8.15516e-05 0.000215554
9.52352 2.19363 7.12853e-05 0.000208039
9.88882 2.24548 7.12296e-05 0.000213894
9.97747 2.09176 6.87538e-05 0.000177553
10.396 2.11398 4.77927e-05 0.000118413
10.4584 1.97618 2.2106e-05 0.000106758
10.9362 1.96955 4.28291e-05 9.65853e-05
10.9793 1.84627 -1.60342e-05 0.000112604
11.5235 1.81711 0.000106787 -1.36902e-06
11.5426 1.70331 4.25523e-05 2.64133e-05
12.1354 1.64377 0.000320266 -0.000128261
12.1257 1.54631 0.000136192 -4.34787e-05
12.8002 1.45409 0.000690659 -0.000435858
12.7757 1.37038 0.000422529 -0.000269266
13.5087 1.26264 0.00104966 -0.000380589
13.469 1.18451 0.000772659 -0.000322954
14.1876 1.10155 0.000939301 -0.00053171
14.1398 1.02547 0.000430645 -0.000285599
14.9681 0.925137 0.00252364 -0.00101516
14.948 0.852854 0.00199511 -0.000855488
15.7404 0.786979 0.00231138 -0.000600179
15.7271 0.715095 0.0018213 -0.000417898
16.5935 0.627813 0.00286976 -0.000799818
16.6148 0.551129 0.00217386 -0.000590555
17.6276 0.582035 0.00531243 -0.00152536
17.7738 0.495189 0.00469101 -0.00159542
18.628 0.431767 0.00663993 -0.000739068
18.8057 0.409169 0.00683017 -0.000510194
20.0078 0.509518 0.0132798 -0.0012747
20.255 0.484629 0.0136551 -0.00109837
21.0429 0.599146 0.0186717 -0.0026546
21.3696 0.536957 0.017674 -0.00102259
21.8911 0.676006 0.0190533 0.00183125
0.133369 3.18817 -5.66738e-06 0.000287584
0.133851 3.43825 -2.81064e-06 0.000311158
0.397535 3.19035 -1.46767e-05 0.000275506
0.39885 3.43987 -7.17792e-06 0.000299766
0.662929 3.19158 -2.0837e-05 0.000259338
0.665165 3.44061 -9.59909e-06 0.000285236
0.928334 3.19159 -2.36795e-05 0.000240212
0.931415 3.44049 -9.94241e-06 0.000268231
1.19246 3.19152 -2.44233e-05 0.000224759
1.19606 3.44129 -9.19186e-06 0.000252972
1.45514 3.1911 -2.29836e-05 0.000213929
1.45946 3.44202 -6.83344e-06 0.000240636
1.71646 3.18957 -1.8959e-05 0.000208774
1.72277 3.44038 -1.66698e-06 0.000233143
1.97776 3.18632 -1.26973e-05 0.000207511
1.98776 3.43532 5.70498e-06 0.000229349
2.24086 3.1805 -4.69691e-06 0.000207287
2.25679 3.42547 1.43894e-05 0.000227534
2.50659 3.17196 3.49659e-06 0.000207698
2.52951 3.41204 2.27986e-05 0.000226187
2.77599 3.1605 1.00638e-05 0.000208443
2.80587 3.39607 2.94265e-05 0.000224003
3.04852 3.14702 1.54145e-05 0.000209554
3.08413 3.37936 3.37575e-05 0.000223298
3.32391 3.13206 2.00037e-05 0.00021096
3.36358 3.3628 3.57697e-05 0.000225175
3.60087 3.11682 2.40018e-05 0.000215733
3.6434 3.34689 3.54026e-05 0.000232716
3.87899 3.10173 2.73745e-05 0.000224973
3.92335 3.33167 3.33309e-05 0.000246181
4.15727 3.08687 2.81615e-05 0.000239004
4.2028 3.31684 3.13274e-05 0.000264102
4.43535 3.07229 2.58684e-05 0.00025771
4.48111 3.30267 2.74291e-05 0.000285748
4.71304 3.05828 2.11492e-05 0.000280695
4.75839 3.28916 1.86249e-05 0.000310102
4.98981 3.04518 1.5429e-05 0.000305686
5.03457 3.27627 1.02947e-05 0.000334031
5.2661 3.03292 1.03664e-05 0.000329014
5.31077 3.26362 6.54703e-06 0.00035479
5.54225 3.02187 5.25547e-06 0.000346671
5.58851 3.25121 7.49614e-06 0.00036967
5.81882 3.01227 -1.89978e-07 0.000355323
5.86797 3.23967 1.25312e-05 0.000376292
6.09735 3.0028 2.45379e-07 0.000355386
6.15289 3.2262 2.1382e-05 0.000368973
6.37776 2.99282 9.06083e-06 0.00034854
6.44475 3.20931 3.38576e-05 0.000351851
6.66542 2.979 2.41661e-05 0.000342727
6.75264 3.1824 4.73527e-05 0.000341575
6.96274 2.95944 4.39807e-05 0.000335563
7.08114 3.14247 6.54756e-05 0.000330761
7.28034 2.92817 6.33621e-05 0.000315923
7.43909 3.08487 8.56332e-05 0.000312809
7.62319 2.88213 7.99719e-05 0.000305527
7.82914 3.00962 9.8974e-05 0.000324383
7.99698 2.81698 9.1402e-05 0.000309891
8.2534 2.91579 0.000105374 0.000319236
8.4018 2.73284 9.20527e-05 0.000303382
8.70599 2.80382 0.00010348 0.000300149
8.83517 2.63101 9.34173e-05 0.00027548
9.1898 2.67384 0.000100196 0.000247712
9.29981 2.51766 9.15526e-05 0.000225921
9.7071 2.5365 0.000124538 0.000217791
9.79867 2.39379 8.80323e-05 0.000229789
10.2551 2.38734 0.000129289 0.000152093
10.3278 2.25208 6.86381e-05 0.000142656
10.8323 2.21482 0.00025445 5.05465e-06
10.8882 2.09091 0.00013841 5.77443e-05
11.454 2.03513 0.000466632 -0.000177912
11.4966 1.92634 0.000253112 -7.23018e-05
12.1206 1.84217 0.000853534 -0.000371191
12.1383 1.74116 0.000558374 -0.000241743
12.8183 1.62686 0.00144974 -0.000841564
12.8154 1.53885 0.00103397 -0.000627467
13.5264 1.43157 0.00187755 -0.000602852
13.5278 1.34504 0.00141742 -0.000469135
14.2486 1.26135 0.00236289 -0.00123775
14.2289 1.1796 0.00160174 -0.000861654
14.99 1.08364 0.00378356 -0.00139202
14.9804 1.00211 0.00311482 -0.00119232
15.7022 0.950817 0.00354551 -0.000973577
15.7261 0.866221 0.00287202 -0.00078311
16.5342 0.794338 0.00472582 -0.00137062
16.5747 0.709505 0.00375692 -0.00106231
17.3468 0.711973 0.00638389 -0.00138672
17.458 0.648719 0.00572039 -0.00137189
18.2742 0.56043 0.007482 -0.00177662
18.4296 0.473097 0.00664856 -0.0011553
19.3436 0.587416 0.0121925 -0.0018856
19.72 0.538827 0.012812 -0.00183137
20.4158 0.688864 0.0180002 -0.00184148
20.7493 0.659244 0.0187488 -0.00247063
21.1274 0.81753 0.0203912 -0.0023183
21.4286 0.752493 0.0198228 -0.000580735
0.134442 3.68798 -2.99432e-07 0.000318392
0.135179 3.93728 2.2916e-06 0.000310326
0.400368 3.68886 -5.71733e-07 0.000308422
0.402189 3.93743 6.22776e-06 0.000302657
0.667166 3.68935 3.74138e-07 0.000295328
0.669127 3.93792 1.04475e-05 0.000291081
0.933593 3.68951 2.56669e-06 0.000279748
0.935309 3.93846 1.50735e-05 0.000276585
1.19893 3.69057 5.72868e-06 0.000265078
1.20219 3.93863 2.11144e-05 0.000263258
1.46435 3.6908 1.01581e-05 0.000252696
1.47171 3.93612 2.82161e-05 0.000252445
1.73237 3.68662 1.64424e-05 0.000244968
1.7475 3.92668 3.55424e-05 0.000246316
2.00393 3.67758 2.44352e-05 0.000240633
2.02819 3.91176 4.39228e-05 0.000242889
2.28022 3.66313 3.38569e-05 0.000238041
2.31239 3.89281 5.41189e-05 0.000240023
2.5597 3.64567 4.25069e-05 0.000235973
2.59746 3.87289 6.28732e-05 0.000238476
2.84157 3.62694 4.88732e-05 0.000233567
2.88222 3.85387 6.85031e-05 0.00023879
3.12392 3.60862 5.14926e-05 0.000234648
3.16605 3.836 6.87411e-05 0.000245213
3.40601 3.59144 5.03176e-05 0.000240286
3.44856 3.81955 6.43472e-05 0.000257154
3.68746 3.57551 4.60171e-05 0.000251552
3.73015 3.8042 5.78069e-05 0.000271663
3.96793 3.56079 3.98068e-05 0.000268284
4.01025 3.7902 4.89316e-05 0.000289518
4.24749 3.54654 3.44313e-05 0.000289072
4.28948 3.77664 3.78674e-05 0.000311339
4.52552 3.53297 2.82977e-05 0.00031214
4.5682 3.763 3.07077e-05 0.000333805
4.80276 3.51957 1.9036e-05 0.000335828
4.84752 3.74843 2.94974e-05 0.00035433
5.08008 3.50581 1.37524e-05 0.000355136
5.12951 3.73204 3.63266e-05 0.000363572
5.35851 3.49165 1.60977e-05 0.000368671
5.41437 3.71446 5.18484e-05 0.000364467
5.64079 3.47637 2.74408e-05 0.000380617
5.70641 3.69335 7.56008e-05 0.000376151
5.92739 3.46029 4.56099e-05 0.000386896
6.00867 3.66685 0.000100001 0.000386598
6.22512 3.43814 6.07984e-05 0.000372363
6.33131 3.6263 0.00011035 0.000371487
6.53837 3.40687 7.05311e-05 0.000346774
6.6812 3.56858 0.000106268 0.000342712
6.8783 3.35843 7.44491e-05 0.000329829
7.06601 3.489 0.000102847 0.000317838
7.25142 3.28904 9.3134e-05 0.000315019
7.48935 3.38682 0.000125423 0.000310751
7.66356 3.19707 0.00011073 0.000322234
7.95508 3.26436 0.000133755 0.000350984
8.10906 3.09009 0.000119335 0.000337967
8.45287 3.13119 0.000148131 0.000323406
8.58187 2.96942 0.000125883 0.000312086
8.96698 2.98648 0.000167869 0.000284186
9.07706 2.83156 0.000116764 0.000273821
9.50477 2.82484 0.000174149 0.000197923
9.60873 2.67938 0.000153404 0.000204143
10.0844 2.65239 0.000381189 9.11179e-05
10.1762 2.51947 0.000247824 0.000129209
10.6971 2.46654 0.000608781 -0.000165646
10.7703 2.34036 0.000396436 -6.27076e-05
11.3388 2.25931 0.00104924 -0.000457375
11.4012 2.14497 0.00073484 -0.000308571
12.0227 2.05513 0.00164646 -0.000673301
12.0799 1.94725 0.00121807 -0.000511566
12.7433 1.82556 0.00239323 -0.0013337
12.7957 1.72224 0.00191676 -0.00107509
13.4538 1.62116 0.0030185 -0.00102037
13.5032 1.52299 0.00241485 -0.00078352
14.1806 1.44869 0.0038371 -0.00179098
14.2333 1.35043 0.00311909 -0.00156644
14.9375 1.26557 0.00522672 -0.00192868
14.9826 1.17113 0.00451045 -0.0016275
15.638 1.13225 0.00531741 -0.00139313
15.6768 1.03893 0.00436126 -0.00118242
16.3979 0.971105 0.00651403 -0.00203754
16.4725 0.881108 0.00563533 -0.00169449
17.1842 0.869046 0.00842997 -0.00178415
17.2699 0.785824 0.00738818 -0.00154871
18.0307 0.775832 0.0102534 -0.00296014
18.1472 0.670284 0.00882756 -0.00245548
18.7638 0.692106 0.0114862 -0.00145479
18.9848 0.63017 0.0113614 -0.00122924
19.6518 0.711509 0.0156287 -0.00257575
20.0356 0.691553 0.0166804 -0.00186166
20.4586 0.859194 0.0200728 -0.00240454
20.8153 0.857251 0.0205816 -0.00280179
20.9915 1.06896 0.0212182 -0.00234512
21.2778 1.04138 0.0205495 -0.00104906
0.135732 4.18599 5.98479e-06 0.000290109
0.136227 4.43378 1.00659e-05 0.000261405
0.403638 4.18608 1.58251e-05 0.000285905
0.405117 4.43449 2.64518e-05 0.000260917
0.67124 4.18622 2.3895e-05 0.000277018
0.674501 4.43351 3.8686e-05 0.000255596
0.938702 4.18551 3.04602e-05 0.000264674
0.945498 4.42933 4.71434e-05 0.000246676
1.21003 4.18206 3.8544e-05 0.000254117
1.22454 4.41928 5.694e-05 0.00024008
1.48659 4.17408 4.75492e-05 0.000246253
1.5106 4.40352 6.75715e-05 0.000235907
1.7707 4.15856 5.60337e-05 0.000242273
1.80223 4.38205 7.77478e-05 0.000234029
2.05911 4.1389 6.52292e-05 0.000240161
2.09549 4.35984 8.81749e-05 0.000233618
2.34898 4.11798 7.59767e-05 0.000238356
2.38744 4.34043 9.91868e-05 0.000234443
2.6375 4.09786 8.44666e-05 0.00023939
2.67658 4.32262 0.000107154 0.000240219
2.92349 4.07979 8.89967e-05 0.000244366
2.96206 4.30654 0.000110483 0.000251098
3.20754 4.063 8.68233e-05 0.00025632
3.2457 4.29089 0.000106429 0.000267162
3.48943 4.04771 7.97745e-05 0.000273036
3.52729 4.2763 9.71651e-05 0.00028642
3.77061 4.03309 7.10691e-05 0.00029014
3.80878 4.26191 8.53296e-05 0.000306168
4.05084 4.01922 6.12962e-05 0.000307592
4.09141 4.24662 7.98781e-05 0.000320238
4.33127 4.0051 5.0647e-05 0.00032607
4.37643 4.22963 8.34865e-05 0.000328751
4.61353 3.98961 5.0674e-05 0.000345132
4.66626 4.21008 0.00010214 0.000342164
4.89814 3.97229 6.35245e-05 0.000361334
4.96024 4.18812 0.000129517 0.000355499
5.18789 3.95163 8.22125e-05 0.000359451
5.26207 4.16021 0.000145811 0.000350838
5.48341 3.9277 0.000107836 0.000350783
5.57685 4.12265 0.000164428 0.000345044
5.79179 3.89589 0.000140505 0.000366714
5.91521 4.06805 0.000192394 0.000364245
6.12111 3.85031 0.000161851 0.00038476
6.28661 3.99087 0.000203907 0.000393298
6.48275 3.78096 0.00015686 0.000374076
6.69772 3.88674 0.00018308 0.000370674
6.88306 3.68726 0.000132033 0.000334145
7.15082 3.75754 0.000152275 0.000313898
7.32189 3.5707 0.000134919 0.000303297
7.64185 3.60939 0.00017963 0.000314478
7.79775 3.43784 0.000157995 0.000342324
8.16265 3.45472 0.000213859 0.000343157
8.31085 3.29295 0.000165826 0.000340576
8.71641 3.29278 0.000267203 0.000293739
8.85022 3.13913 0.000223215 0.000291026
9.28876 3.11715 0.000400219 0.000122091
9.40082 2.97021 0.00026183 0.000164477
9.87683 2.92712 0.000661247 -4.01475e-05
9.98447 2.78811 0.00050221 4.66262e-05
10.5077 2.72381 0.00115636 -0.00041735
10.6099 2.59351 0.000869163 -0.00028796
11.1692 2.50497 0.00178186 -0.00081171
11.2617 2.37968 0.00139887 -0.000623687
11.8649 2.28122 0.00266433 -0.00113071
11.954 2.16535 0.0021372 -0.000877512
12.5811 2.04685 0.00336876 -0.00190583
12.6697 1.93383 0.00286237 -0.00161686
13.2984 1.83907 0.00444527 -0.00171406
13.384 1.72649 0.00370468 -0.00133138
13.9873 1.66992 0.00533483 -0.00205798
14.0932 1.55601 0.00455162 -0.00192547
14.7133 1.4757 0.00637143 -0.00287456
14.8459 1.36651 0.00583272 -0.00233317
15.4549 1.34155 0.00750381 -0.0018076
15.5687 1.23329 0.00641222 -0.00158932
16.1877 1.17748 0.00839047 -0.00286541
16.3066 1.0687 0.00741803 -0.00242316
16.9295 1.05707 0.0101437 -0.00244238
17.0692 0.959589 0.00934472 -0.00207512
17.7181 0.974265 0.012287 -0.00317185
17.8953 0.876121 0.0114515 -0.00323836
18.4842 0.893404 0.0136722 -0.00259883
18.6289 0.786971 0.0125331 -0.00198059
19.1325 0.866035 0.0160098 -0.002536
19.3456 0.776828 0.0154913 -0.00266987
19.7663 0.890869 0.0185542 -0.00302005
20.0806 0.853154 0.018992 -0.00239885
20.326 1.03026 0.0211637 -0.00273285
20.6759 1.05021 0.02151 -0.00270989
20.7513 1.26012 0.0217891 -0.00241621
0.137194 4.68084 1.26725e-05 0.000232816
0.138921 4.92611 1.40786e-05 0.000206436
0.408157 4.68123 3.34374e-05 0.000234317
0.413527 4.92479 3.74685e-05 0.000208878
0.681895 4.67663 4.95076e-05 0.000232618
0.69444 4.91391 5.69362e-05 0.000210685
0.959443 4.66591 6.10706e-05 0.000228427
0.981112 4.8941 7.23959e-05 0.000211445
1.24688 4.64836 7.35703e-05 0.000225676
1.27616 4.86933 8.83738e-05 0.000211489
1.54087 4.62621 8.68107e-05 0.000224126
1.57496 4.84349 0.000105238 0.000211139
1.83724 4.60169 9.99893e-05 0.000223513
1.87227 4.82005 0.00012257 0.000210981
2.13249 4.57958 0.000111963 0.000225072
2.1666 4.80078 0.000136128 0.000214968
2.42425 4.563 0.000122398 0.000229792
2.45657 4.78728 0.000144755 0.000224887
2.71268 4.54788 0.000128137 0.000241961
2.74444 4.77403 0.00014569 0.000244988
2.99725 4.53383 0.000128673 0.000259289
3.02971 4.76083 0.000141377 0.000269121
3.28084 4.51897 0.000122929 0.00027856
3.31487 4.7459 0.000134209 0.000291139
3.5638 4.50379 0.00011524 0.000297603
3.60207 4.72817 0.000136386 0.000305066
3.84809 4.48771 0.000108285 0.000314917
3.89288 4.70753 0.000149537 0.000310546
4.13647 4.46885 0.000114315 0.000321734
4.19051 4.68302 0.000170672 0.000308906
4.42925 4.44725 0.000136907 0.000320339
4.49399 4.6555 0.000200653 0.000307726
4.72917 4.4222 0.000175034 0.000331353
4.8071 4.62205 0.000237346 0.000327219
5.0362 4.39278 0.000207375 0.00034628
5.1359 4.57652 0.00025466 0.000350773
5.35652 4.35235 0.000206429 0.000349248
5.49037 4.50946 0.000238428 0.000358635
5.70319 4.29047 0.00020845 0.00034395
5.88356 4.41102 0.000233332 0.000344904
6.08875 4.19943 0.00022735 0.000372884
6.32484 4.28015 0.000254698 0.000413118
6.51625 4.08186 0.000229161 0.000407146
6.81128 4.1255 0.000241017 0.000392064
6.98102 3.94244 0.000194819 0.00034202
7.32359 3.95805 0.000222798 0.000276069
7.48287 3.78333 0.000187296 0.000292969
7.864 3.78021 0.000299074 0.000317315
8.01517 3.61626 0.00026664 0.000334044
8.42402 3.60396 0.0004517 0.000217072
8.57028 3.44789 0.000348333 0.000261191
9.00995 3.41964 0.000673961 8.08561e-05
9.15894 3.26657 0.000536761 0.000105262
9.62964 3.21575 0.00111044 -0.000318478
9.76156 3.06918 0.000876886 -0.000176384
10.2643 2.99994 0.00177269 -0.000698274
10.392 2.85925 0.00145367 -0.00054875
10.9354 2.76982 0.00263982 -0.00124681
11.0607 2.63453 0.00219567 -0.00102146
11.6257 2.53556 0.0036091 -0.00172006
11.7527 2.40516 0.0031484 -0.00141646
12.3365 2.30258 0.0046411 -0.00237319
12.4711 2.16856 0.00395002 -0.00216656
13.0541 2.08332 0.00567715 -0.00257685
13.193 1.95775 0.00512162 -0.00214153
13.7496 1.91317 0.00702257 -0.00251904
13.876 1.78875 0.00622348 -0.00226716
14.4192 1.7318 0.00784851 -0.00370877
14.5641 1.59782 0.00701945 -0.00338747
15.1072 1.57127 0.00884821 -0.00283594
15.2943 1.45415 0.00832232 -0.00220566
15.8335 1.4343 0.0104292 -0.00330878
16.0288 1.29965 0.00945663 -0.00324902
16.5632 1.27656 0.0114843 -0.00344861
16.7647 1.1623 0.0108502 -0.00290805
17.2911 1.18269 0.0135441 -0.00326225
17.5117 1.07414 0.0129262 -0.00309585
18.0346 1.10143 0.0153322 -0.00408694
18.2838 0.997539 0.0145952 -0.00339305
18.7013 1.07626 0.0170756 -0.00309877
18.9333 0.969366 0.016675 -0.00272328
19.2663 1.08018 0.0192546 -0.00360819
19.5142 0.975449 0.0188397 -0.00355349
19.7507 1.13543 0.0208662 -0.00366062
20.0204 1.06219 0.0208046 -0.00300063
20.1409 1.26352 0.0219193 -0.00310209
20.4318 1.22721 0.0220157 -0.00282114
20.4509 1.44003 0.0221502 -0.00265304
0.142735 5.16767 1.53144e-05 0.000186592
0.14869 5.4047 1.64965e-05 0.000173734
0.424164 5.16204 4.0932e-05 0.000190889
0.440001 5.39217 4.40951e-05 0.000180119
0.713259 5.14365 6.2481e-05 0.000195297
0.737357 5.3658 6.64138e-05 0.000185827
1.00776 5.11575 8.066e-05 0.000198337
1.03714 5.33216 8.60162e-05 0.000188481
1.30761 5.08651 9.98973e-05 0.000198541
1.33801 5.30256 0.000107832 0.000186423
1.60804 5.05992 0.000119735 0.000197769
1.63698 5.27828 0.000128758 0.000183962
1.90408 5.03961 0.000139292 0.000197854
1.93058 5.26173 0.000147175 0.000184723
2.19652 5.02378 0.000153063 0.000205712
2.22215 5.24821 0.000159044 0.000198797
2.48482 5.01263 0.000159906 0.000222271
2.51136 5.23728 0.000165238 0.000223157
2.77327 4.99992 0.000158318 0.000249319
2.80225 5.2235 0.000167252 0.000253836
3.06167 4.98552 0.000153975 0.000276474
3.09619 5.20571 0.00017366 0.000276164
3.3513 4.96844 0.000151634 0.000296398
3.39358 5.18381 0.000187714 0.000284737
3.64595 4.94601 0.000168741 0.000301809
3.69832 5.1551 0.000214616 0.000283569
3.94579 4.91927 0.000204174 0.000294658
4.00924 5.12145 0.000250832 0.000277603
4.25429 4.88828 0.000235903 0.000289499
4.33104 5.08116 0.000276816 0.000281672
4.57124 4.85264 0.000258966 0.000299417
4.67007 5.02833 0.000285649 0.000309952
4.90373 4.80496 0.0002727 0.00033555
5.03837 4.95168 0.000283531 0.000362534
5.26846 4.73069 0.000272 0.000372364
5.45374 4.83673 0.00027453 0.000401117
5.67623 4.62117 0.000248624 0.000366857
5.923 4.68068 0.000252568 0.000365322
6.12846 4.47859 0.000259501 0.000371396
6.43327 4.50038 0.00031434 0.00042616
6.62839 4.31115 0.000281785 0.000438552
6.98385 4.30796 0.000326465 0.000368561
7.16278 4.13072 0.000281625 0.000297279
7.54846 4.11441 0.000436626 0.000154865
7.70936 3.94674 0.000360981 0.000243434
8.11957 3.92292 0.000671832 0.000147349
8.27713 3.76144 0.000548646 0.000188547
8.7089 3.73143 0.00106841 -0.00012639
8.85784 3.57484 0.000859164 -2.14201e-06
9.31032 3.52586 0.00158267 -0.000515683
9.47465 3.36836 0.0013261 -0.000418864
9.9592 3.29891 0.00243997 -0.00108656
10.1222 3.14616 0.00211006 -0.00087943
10.6309 3.06179 0.00344784 -0.00167913
10.791 2.91268 0.0030568 -0.00146531
11.3259 2.81691 0.00462957 -0.00234689
11.4864 2.67178 0.00410628 -0.00203615
12.0268 2.5868 0.00585663 -0.00274569
12.187 2.44371 0.00529308 -0.00252566
12.709 2.36245 0.0067993 -0.00344309
12.8843 2.21809 0.0061811 -0.00302224
13.3868 2.17893 0.00801186 -0.00317177
13.5866 2.04324 0.00759407 -0.00279236
14.0741 2.0198 0.0095817 -0.00378068
14.2647 1.87385 0.00877804 -0.00380345
14.7289 1.83729 0.0101003 -0.00430136
14.9194 1.69681 0.00935531 -0.00352869
15.3917 1.70071 0.0116076 -0.00333284
15.6172 1.56967 0.0111398 -0.00309004
16.0867 1.54801 0.013035 -0.00451037
16.3322 1.40385 0.0121851 -0.00401958
16.7791 1.42013 0.0144175 -0.00408997
17.0478 1.29919 0.0140994 -0.00360813
17.4716 1.33637 0.0162458 -0.00419859
17.7594 1.21311 0.0158147 -0.00415162
18.1335 1.27914 0.0177825 -0.00452657
18.4332 1.17779 0.0173793 -0.00370785
18.712 1.29666 0.019544 -0.00388858
19.0004 1.19085 0.0195327 -0.0036195
19.1866 1.33821 0.0212114 -0.00419359
19.4739 1.22944 0.0210348 -0.00415564
19.5702 1.41295 0.0221017 -0.00432354
19.8612 1.32961 0.0219442 -0.00365447
19.8822 1.54124 0.0224639 -0.00367862
20.1696 1.48357 0.022298 -0.00307285
0.156051 5.63357 1.76807e-05 0.000168991
0.164752 5.85387 1.88319e-05 0.000170738
0.459053 5.61542 4.72458e-05 0.000175142
0.480833 5.83233 5.03195e-05 0.00017469
0.763499 5.58354 7.0125e-05 0.000180104
0.789925 5.79858 7.38246e-05 0.000177291
1.0659 5.54746 9.03901e-05 0.000181056
1.09176 5.76399 9.38168e-05 0.000175994
1.36531 5.51998 0.000112648 0.000176558
1.38832 5.74049 0.000114019 0.000170007
1.66138 5.49886 0.000132515 0.000172461
1.68213 5.72173 0.000131411 0.000165244
1.95265 5.48522 0.000148524 0.00017374
1.97331 5.70806 0.000146267 0.000166047
2.24519 5.4722 0.000159407 0.000191998
2.26879 5.69325 0.00016092 0.000181249
2.53857 5.45895 0.000169113 0.000220516
2.56845 5.67578 0.000182268 0.000205051
2.83455 5.44188 0.000181652 0.000250825
2.87206 5.65342 0.000212828 0.000230454
3.13657 5.41879 0.000203945 0.000264596
3.18421 5.62367 0.000241631 0.000241756
3.44344 5.39099 0.000235189 0.0002604
3.50251 5.58862 0.000267362 0.000240502
3.75902 5.35567 0.000260259 0.000259287
3.83129 5.5439 0.000278268 0.000248959
4.08309 5.31345 0.000278957 0.00026751
4.17642 5.48483 0.000280922 0.000274844
4.42385 5.25773 0.000288151 0.000291456
4.55122 5.40011 0.000279529 0.000319165
4.79986 5.17401 0.000284772 0.000341487
4.97943 5.27311 0.000277883 0.000389433
5.22366 5.05168 0.000287715 0.000406142
5.46775 5.09964 0.000300861 0.000440076
5.70215 4.88856 0.000270064 0.000406924
6.00562 4.89581 0.000293543 0.000375541
6.22964 4.69325 0.000305852 0.00038294
6.57767 4.67592 0.000451989 0.000378179
6.78685 4.48951 0.000402182 0.000406375
7.1683 4.46476 0.000589142 0.00018232
7.36901 4.28765 0.000489377 0.000128147
7.76232 4.26248 0.000949328 -9.41976e-05
7.94872 4.08954 0.00082394 4.95577e-05
8.35389 4.0604 0.0014275 -0.000299825
8.54311 3.89249 0.0012402 -0.000222177
8.97265 3.85271 0.00220697 -0.000806482
9.14974 3.68657 0.00190741 -0.000651364
9.59477 3.62559 0.00305004 -0.00145193
9.77678 3.45949 0.00271946 -0.00126963
10.252 3.3827 0.00421208 -0.00212017
10.4534 3.21773 0.00385681 -0.00190389
10.9448 3.1333 0.00546547 -0.00281556
11.1428 2.97173 0.00505756 -0.00257831
11.6381 2.89203 0.00679302 -0.00343679
11.8446 2.7347 0.0063491 -0.00305761
12.3268 2.67412 0.00806566 -0.00394288
12.5296 2.51503 0.00747199 -0.0037491
12.9788 2.47701 0.00903686 -0.00428412
13.1809 2.32309 0.00849592 -0.00374565
13.6084 2.31758 0.0103725 -0.00407803
13.8435 2.16747 0.0100641 -0.003842
14.2578 2.16075 0.0116816 -0.00484489
14.5108 1.99523 0.0109325 -0.00481532
14.9026 1.98997 0.0122554 -0.00477665
15.156 1.8378 0.0118763 -0.00401006
15.5565 1.85476 0.0141333 -0.0044128
15.8298 1.70247 0.0137444 -0.00451057
16.2172 1.70507 0.0153621 -0.00528967
16.5008 1.55325 0.0147404 -0.00467882
16.8594 1.59747 0.0168229 -0.0048487
17.1708 1.46626 0.0166576 -0.00443336
17.4875 1.52983 0.018395 -0.00495783
17.8148 1.39597 0.0180884 -0.00483038
18.0633 1.49548 0.0197104 -0.00509972
18.3984 1.39282 0.0195596 -0.00442625
18.5611 1.54026 0.0211118 -0.00464361
18.8839 1.44568 0.0212578 -0.00431645
18.963 1.62143 0.0223416 -0.00464151
19.273 1.51703 0.0222884 -0.0045422
19.2865 1.72012 0.0228724 -0.00466101
19.5867 1.62086 0.0227032 -0.00437585
19.5586 1.84424 0.0229114 -0.0043268
19.8518 1.76453 0.0226138 -0.00363565
0.17324 6.06661 1.94572e-05 0.000172918
0.180237 6.27169 1.93698e-05 0.000174607
0.501922 6.04467 5.20322e-05 0.000174928
0.519284 6.25369 5.1801e-05 0.000175109
0.814342 6.01241 7.58346e-05 0.000175843
0.834383 6.22732 7.52026e-05 0.000175384
1.11457 5.98189 9.51918e-05 0.000172732
1.13391 6.2025 9.39503e-05 0.000170745
1.40827 5.96315 0.000112778 0.000165591
1.42671 6.18644 0.000110736 0.000161352
1.70135 5.94544 0.000128313 0.000160006
1.72146 6.16719 0.000128439 0.000152399
1.99512 5.9284 0.000144285 0.000158339
2.02009 6.1446 0.000149172 0.000145194
2.29538 5.90924 0.000166171 0.000164562
2.32662 6.11911 0.00017758 0.000141581
2.60296 5.88582 0.000203918 0.000178527
2.64347 6.08819 0.000222295 0.000151054
2.91517 5.85753 0.000254231 0.000197838
2.96671 6.05224 0.00027404 0.00017446
3.23793 5.82075 0.000274921 0.000216095
3.30239 6.00587 0.000280149 0.000209054
3.57007 5.77656 0.000275576 0.000231786
3.65476 5.94609 0.00026133 0.000241168
3.91795 5.7168 0.000268116 0.00025589
4.03439 5.85983 0.00024196 0.000279026
4.29853 5.62734 0.000263465 0.000301082
4.46524 5.72687 0.000245055 0.000338245
4.72675 5.49698 0.000268566 0.000358212
4.95611 5.54346 0.000281849 0.000396947
5.21911 5.318 0.000291639 0.000446043
5.50958 5.31848 0.00034738 0.00045686
5.76726 5.10205 0.000328362 0.000400109
6.10295 5.07743 0.000452691 0.000288794
6.34853 4.87475 0.000430528 0.000332815
6.70993 4.84134 0.00075176 0.000219001
6.94759 4.64741 0.000704154 0.000236914
7.3224 4.6225 0.00111959 -0.000199777
7.55477 4.44057 0.00101781 -0.000207556
7.93302 4.41981 0.00183068 -0.000574973
8.15129 4.23609 0.00166315 -0.000413888
8.53417 4.20686 0.00259561 -0.00100387
8.76233 4.02618 0.00240011 -0.000924738
9.17081 3.98278 0.00369476 -0.00175796
9.40147 3.79933 0.00345206 -0.00164578
9.82518 3.73619 0.00489127 -0.00259774
10.0422 3.55521 0.00451538 -0.00234485
10.4853 3.4834 0.00616121 -0.00325212
10.7238 3.30341 0.00586336 -0.00305821
11.1756 3.23414 0.00753233 -0.00398213
11.4172 3.0589 0.00718758 -0.00374793
11.8522 3.00997 0.00888145 -0.00444424
12.0966 2.83893 0.00853266 -0.00413234
12.5037 2.81174 0.0101186 -0.00493942
12.7557 2.64003 0.00958171 -0.00467916
13.1318 2.63845 0.0110908 -0.00510525
13.3805 2.47353 0.0107455 -0.00454375
13.7434 2.49011 0.0125291 -0.00507896
13.9977 2.32454 0.0122235 -0.00486011
14.3512 2.33511 0.0136045 -0.00564848
14.6293 2.15838 0.0129173 -0.0054711
14.969 2.17328 0.0142824 -0.00556961
15.2663 2.0082 0.0141737 -0.00487163
15.6043 2.0379 0.016175 -0.0054393
15.9194 1.87151 0.0159358 -0.00550644
16.2338 1.90297 0.0173962 -0.00602271
16.5485 1.74144 0.0169626 -0.00543683
16.8256 1.80995 0.0186929 -0.00568089
17.1558 1.66832 0.0186526 -0.00520972
17.3808 1.76353 0.0201021 -0.00560619
17.7201 1.62181 0.0198822 -0.00537321
17.8728 1.74811 0.0211295 -0.00566843
18.219 1.63174 0.0210616 -0.00523405
18.298 1.79422 0.0220622 -0.00542129
18.6379 1.7109 0.0221857 -0.0049249
18.6543 1.89917 0.0228258 -0.00515212
18.9756 1.81785 0.0229019 -0.00480663
18.9489 2.0282 0.0232214 -0.00489769
19.2576 1.93663 0.0231216 -0.00465601
19.2046 2.16117 0.0232718 -0.00463819
0.185163 6.47166 1.87804e-05 0.000175861
0.186697 6.66908 1.7766e-05 0.000176669
0.53203 6.45941 5.01323e-05 0.000174729
0.537195 6.6629 4.73875e-05 0.000173241
0.849921 6.44235 7.24649e-05 0.000174924
0.859309 6.65561 6.84945e-05 0.000172751
1.1503 6.42428 9.10886e-05 0.000168857
1.16426 6.64355 8.86977e-05 0.000164542
1.44485 6.40849 0.000109202 0.000156366
1.46468 6.62628 0.000110378 0.000149064
1.74404 6.38508 0.000132005 0.000142544
1.77148 6.59651 0.000135852 0.000133565
2.04969 6.35515 0.000159493 0.000127636
2.08641 6.55793 0.000164681 0.00011481
2.36304 6.32265 0.000192229 0.000114285
2.40893 6.51736 0.000195666 9.69328e-05
2.68965 6.2835 0.000230258 0.000126779
2.74674 6.46809 0.00022179 0.000116977
3.02688 6.23738 0.000265546 0.000167103
3.10137 6.40744 0.000238072 0.000178378
3.38035 6.17643 0.000260594 0.000225493
3.48133 6.3239 0.000228714 0.000259727
3.76512 6.08941 0.000233271 0.000265452
3.91154 6.19622 0.000206109 0.000293016
4.19431 5.96051 0.000221834 0.000310032
4.4006 6.01509 0.000228314 0.000333817
4.68543 5.77479 0.000249596 0.000368626
4.95064 5.77846 0.000312434 0.000371341
5.23685 5.54397 0.000356244 0.000424941
5.55149 5.51524 0.000510209 0.000370872
5.83552 5.29174 0.000462365 0.00032572
6.17709 5.25631 0.000761739 8.72518e-05
6.4518 5.04572 0.000754573 0.000133638
6.79839 5.01691 0.00129241 -0.000101693
7.07025 4.81233 0.00124702 -9.82376e-05
7.41743 4.79628 0.00193023 -0.000713979
7.68832 4.60611 0.0018774 -0.000722279
8.03942 4.59366 0.00295559 -0.00127395
8.29814 4.39772 0.0028433 -0.0011138
8.65334 4.37106 0.00404488 -0.00191529
8.91368 4.17277 0.0038428 -0.00185095
9.29062 4.13139 0.00527567 -0.00279589
9.57385 3.92916 0.00516505 -0.00273744
9.96743 3.87221 0.00672342 -0.00373786
10.2402 3.67205 0.00643897 -0.00348743
10.6374 3.61579 0.00805083 -0.00436903
10.9102 3.42004 0.00784781 -0.00420806
11.3029 3.37681 0.00943128 -0.00505639
11.5908 3.18821 0.00917284 -0.00479458
11.9579 3.1736 0.0107134 -0.00540351
12.2381 2.99038 0.0104978 -0.00513478
12.5717 2.99739 0.0119274 -0.00578681
12.8573 2.81353 0.0114809 -0.00549816
13.1651 2.83827 0.0128184 -0.00593462
13.467 2.65988 0.0126648 -0.00545604
13.7685 2.69284 0.0142202 -0.00598943
14.0737 2.51308 0.0141207 -0.00576551
14.3743 2.53952 0.0153793 -0.00637336
14.6748 2.35152 0.0148344 -0.00615388
14.9726 2.38001 0.0161469 -0.00648403
15.287 2.20329 0.0160855 -0.00586416
15.5794 2.24631 0.0178361 -0.00638004
15.9089 2.07506 0.0177587 -0.00627018
16.1711 2.13114 0.0190829 -0.00673224
16.4991 1.96412 0.0187877 -0.00622956
16.7145 2.05544 0.0201505 -0.00649415
17.0462 1.90634 0.020189 -0.00599838
17.2061 2.03087 0.0213739 -0.00630788
17.5369 1.88809 0.0213019 -0.00591808
17.6309 2.04324 0.0222376 -0.00617841
17.9587 1.90519 0.0221051 -0.00589325
17.9924 2.08781 0.0228043 -0.00608594
18.3217 1.97684 0.022767 -0.00563554
18.3087 2.17509 0.023199 -0.00581419
18.6337 2.10017 0.0232224 -0.0053261
18.5932 2.30831 0.0233838 -0.00543464
18.903 2.24832 0.0233662 -0.00493213
0.185088 6.86471 1.64797e-05 0.000176573
0.181704 7.0633 1.54226e-05 0.000173481
0.534966 6.86429 4.4006e-05 0.000170454
0.528277 7.06471 4.16696e-05 0.000165112
0.862515 6.86602 6.4019e-05 0.000168663
0.8613 7.07057 6.22036e-05 0.000161627
1.17601 6.85863 8.72162e-05 0.000158167
1.18651 7.06449 8.70034e-05 0.000152112
1.48683 6.83811 0.000113701 0.00014061
1.51271 7.03942 0.000115235 0.000137558
1.8038 6.80053 0.000138162 0.000127121
1.84357 6.99351 0.000138189 0.000127462
2.13017 6.75299 0.000161134 0.000109299
2.18389 6.93743 0.000153851 0.00010932
2.46577 6.70256 0.000183344 9.40185e-05
2.53605 6.87563 0.000161326 0.000102649
2.81836 6.63939 0.000198049 0.000124983
2.90798 6.79337 0.000165591 0.000146937
3.19816 6.55589 0.000206875 0.000204753
3.32294 6.67607 0.000179469 0.000239761
3.6181 6.43582 0.00020349 0.000290558
3.79458 6.50735 0.000196057 0.000305375
4.10307 6.25777 0.000204192 0.000305702
4.33591 6.27704 0.000251095 0.00028848
4.65089 6.02497 0.000297689 0.000320817
4.93271 6.00221 0.000447537 0.000261517
5.24834 5.75315 0.000494993 0.000325103
5.561 5.71534 0.000803712 0.000175826
5.87785 5.47941 0.000764221 0.000138917
6.20094 5.44992 0.00123475 -0.000230114
6.51251 5.22777 0.00128158 -0.000214813
6.82936 5.21259 0.00202309 -0.0005816
7.12961 4.99996 0.00200597 -0.000580543
7.43991 4.99652 0.00288269 -0.00131403
7.74805 4.79089 0.00292303 -0.00138345
8.06336 4.78834 0.00413627 -0.00208497
8.37524 4.5784 0.00417386 -0.00195854
8.70007 4.55741 0.00549384 -0.00287402
9.00277 4.33906 0.00541983 -0.00290711
9.34614 4.30309 0.00685609 -0.00386267
9.66072 4.0838 0.00679148 -0.00378923
10.0179 4.03839 0.00831483 -0.00475096
10.3454 3.82155 0.00823992 -0.00457943
10.6963 3.78628 0.00973255 -0.00539658
11.0048 3.57697 0.00962727 -0.00525248
11.3331 3.56293 0.0110292 -0.0059812
11.652 3.36229 0.0108848 -0.00573659
11.9532 3.37785 0.0122041 -0.00627251
12.2749 3.18645 0.0121551 -0.00600529
12.5463 3.22133 0.0134193 -0.00654916
12.8594 3.02715 0.0131349 -0.0062862
13.1114 3.07155 0.0142888 -0.00674355
13.4384 2.87702 0.0141458 -0.00635421
13.6854 2.92293 0.0154438 -0.00682383
14.0417 2.73042 0.0156068 -0.00655165
14.2897 2.77135 0.016773 -0.00706653
14.6469 2.57168 0.0165387 -0.00687335
14.8918 2.61377 0.0176805 -0.00732241
15.2424 2.42233 0.0176554 -0.00686702
15.478 2.48115 0.0190949 -0.00728761
15.8318 2.30487 0.0192235 -0.00697648
16.0356 2.38576 0.0203519 -0.00738674
16.381 2.21594 0.020236 -0.00697305
16.5351 2.33038 0.0212383 -0.00721995
16.8727 2.17608 0.0212981 -0.00678646
16.9718 2.32465 0.0221282 -0.00706173
17.3043 2.18388 0.0222459 -0.00657378
17.3477 2.36216 0.022802 -0.00680933
17.6714 2.22521 0.0228576 -0.00639673
17.6696 2.42724 0.023196 -0.00657964
17.9874 2.29014 0.0231905 -0.00623599
17.9541 2.50656 0.0233736 -0.00636239
18.2724 2.38461 0.0233751 -0.00594111
18.2182 2.60261 0.0234275 -0.00606245
18.5407 2.51846 0.0234259 -0.00554271
0.176978 7.26566 1.46932e-05 0.000167006
0.173294 7.47074 1.51578e-05 0.000160945
0.518178 7.26466 4.05445e-05 0.000157141
0.510092 7.46415 4.18513e-05 0.000149413
0.856648 7.26906 6.32237e-05 0.000151799
0.853512 7.46151 6.57479e-05 0.000146348
1.19602 7.26061 8.75547e-05 0.000147219
1.20687 7.44628 8.7636e-05 0.000146758
1.54183 7.23002 0.000114115 0.000141399
1.57342 7.40876 0.000111488 0.000148474
1.89145 7.1749 0.000137052 0.000134598
1.94533 7.3444 0.000136744 0.000144536
2.25024 7.10903 0.000150737 0.000109235
2.32728 7.26628 0.000153985 0.000106652
2.62505 7.03064 0.000143793 0.000116109
2.73557 7.16298 0.000124677 0.000141604
3.02626 6.91905 0.000140912 0.00017441
3.17855 7.0103 0.000137473 0.000194886
3.48582 6.75783 0.000175816 0.000264953
3.68864 6.79747 0.000220579 0.000265534
4.01284 6.53632 0.000241892 0.000276888
4.2672 6.52874 0.000360003 0.000184851
4.601 6.26334 0.000414736 0.000207001
4.88661 6.22863 0.000702262 5.74063e-05
5.23167 5.96561 0.000748483 0.000121655
5.53255 5.92968 0.00121232 -0.000126758
5.87011 5.68289 0.00124268 -0.000149822
6.16566 5.66509 0.00184893 -0.000629658
6.50733 5.43437 0.00193508 -0.000680582
6.78913 5.43549 0.00282095 -0.00116441
7.12323 5.21184 0.00289794 -0.00116396
7.39483 5.22262 0.00387485 -0.00195597
7.73232 5.00172 0.0039751 -0.0020991
8.0106 5.00865 0.00521038 -0.00289497
8.36585 4.78188 0.00544438 -0.00283266
8.65819 4.76917 0.00675976 -0.00372892
9.0176 4.53113 0.00687313 -0.00390799
9.32605 4.50416 0.00824173 -0.00484007
9.67804 4.26603 0.00829382 -0.00479202
9.99167 4.23598 0.00968932 -0.00566632
10.3543 4.00516 0.00972676 -0.00552892
10.66 3.99181 0.0110691 -0.00625906
11.0112 3.77395 0.0111441 -0.00617634
11.286 3.78733 0.0123517 -0.00679785
11.6186 3.57661 0.0122826 -0.006569
11.8633 3.61561 0.0134015 -0.00704694
12.2107 3.41661 0.0134324 -0.00677473
12.4326 3.47149 0.0145464 -0.00724049
12.7824 3.27164 0.0144979 -0.00702638
12.9928 3.33043 0.0155016 -0.00748204
13.3385 3.12363 0.0154121 -0.00719211
13.5479 3.17927 0.0165101 -0.00764031
13.9123 2.97217 0.0166788 -0.00729863
14.122 3.0243 0.0177785 -0.00775632
14.5144 2.81711 0.0178291 -0.00754419
14.7151 2.8715 0.0188231 -0.00799105
15.1073 2.66916 0.0188435 -0.00774039
15.2896 2.74144 0.0199498 -0.00812924
15.6722 2.5594 0.0202447 -0.0076995
15.8203 2.66021 0.0211369 -0.00803991
16.187 2.4934 0.0212668 -0.00765568
16.2858 2.62783 0.0219686 -0.00786992
16.6338 2.47287 0.022031 -0.00746709
16.6803 2.64042 0.022581 -0.00768825
17.0168 2.49819 0.0226955 -0.00730899
17.0162 2.69178 0.0230231 -0.00751571
17.346 2.55993 0.0231385 -0.00702502
17.3102 2.77078 0.0232655 -0.00720953
17.6353 2.64258 0.0233567 -0.00674065
17.5784 2.86471 0.0233457 -0.00687901
17.8993 2.73267 0.0234028 -0.00646887
17.8312 2.96394 0.0233188 -0.00655856
18.1497 2.82904 0.0233567 -0.00616298
0.172061 7.67872 1.7453e-05 0.000158307
0.173449 7.88687 2.0713e-05 0.000160309
0.507623 7.66375 4.66199e-05 0.000143921
0.511334 7.86166 5.35398e-05 0.000142869
0.855029 7.64906 6.89529e-05 0.000149673
0.862296 7.83191 7.23883e-05 0.000161298
1.22062 7.62217 8.64805e-05 0.000151922
1.23807 7.78963 8.41441e-05 0.00016077
1.60797 7.5745 0.000109444 0.000152758
1.64572 7.72919 0.000108817 0.000153513
2.00626 7.49852 0.000138746 0.000149143
2.07519 7.63741 0.000140724 0.00015072
2.42053 7.40151 0.000154236 0.000108646
2.53375 7.51148 0.000144598 0.000120979
2.87276 7.26393 0.000104893 0.000177808
3.04389 7.32774 0.000122551 0.000179452
3.36771 7.06242 0.000177922 0.000189542
3.59304 7.07511 0.000308452 0.000139941
3.92464 6.80093 0.00033429 0.000212405
4.18767 6.77694 0.000557162 3.57041e-05
4.54397 6.49866 0.000616821 1.07202e-05
4.82845 6.46043 0.0010566 -0.000252512
5.17714 6.18985 0.00113641 -0.0001891
5.46034 6.16101 0.00172809 -0.000542046
5.82223 5.90541 0.00185216 -0.00053506
6.09078 5.90009 0.00259709 -0.00109475
6.44185 5.66473 0.00264484 -0.0012176
6.69576 5.68084 0.00359598 -0.00181187
7.04749 5.44989 0.00380073 -0.00178574
7.28758 5.47307 0.00482531 -0.00257288
7.65029 5.23867 0.00497326 -0.00279714
7.89494 5.25394 0.00615277 -0.00364554
8.27821 5.01155 0.00650443 -0.00366596
8.53861 5.00837 0.00777965 -0.00447635
8.94267 4.75152 0.00806113 -0.0047349
9.2172 4.73494 0.00931209 -0.0056431
9.62002 4.48094 0.0095641 -0.00569188
9.89207 4.468 0.0108223 -0.0064782
10.2809 4.22129 0.0109394 -0.00636729
10.5385 4.22784 0.0120841 -0.00698631
10.9289 4.00296 0.0123175 -0.00694972
11.1597 4.03854 0.0133803 -0.00751479
11.5224 3.82498 0.013417 -0.00730866
11.7258 3.88237 0.0143863 -0.0077508
12.0752 3.67318 0.0144479 -0.00749116
12.2626 3.7421 0.0154288 -0.00791646
12.629 3.53584 0.0155434 -0.00769183
12.8086 3.60466 0.0164579 -0.00813922
13.186 3.39276 0.01648 -0.00792811
13.3665 3.45631 0.0174289 -0.00836509
13.7437 3.23691 0.0175865 -0.0080872
13.9261 3.29768 0.018608 -0.00853005
14.3147 3.08125 0.0187661 -0.00819619
14.4875 3.14693 0.0196626 -0.00860701
14.8899 2.93853 0.0197509 -0.00840581
15.0352 3.02245 0.0205875 -0.00877056
15.4345 2.83376 0.0208685 -0.00848243
15.539 2.94839 0.0215685 -0.00878176
15.921 2.7853 0.0217999 -0.00830142
15.9755 2.93436 0.0222715 -0.00852204
16.3349 2.78715 0.0224473 -0.00806123
16.3408 2.96787 0.0227486 -0.00824393
16.6824 2.82915 0.0228867 -0.00786343
16.6496 3.03371 0.0230371 -0.00801703
16.9815 2.90047 0.0231482 -0.00767565
16.923 3.11924 0.0231627 -0.00781006
17.2514 2.99008 0.0232574 -0.00737554
17.1778 3.21559 0.0231615 -0.00751481
17.5067 3.08965 0.0232467 -0.00702042
17.425 3.31771 0.0230644 -0.0071533
0.177886 8.09076 2.19039e-05 0.000170662
0.185202 8.28964 2.07581e-05 0.000189825
0.52268 8.05551 5.65426e-05 0.000155961
0.541724 8.24443 5.50914e-05 0.000183648
0.879305 8.01032 7.38301e-05 0.000179143
0.906788 8.18302 7.32584e-05 0.000201429
1.26538 7.94921 8.23692e-05 0.000171115
1.30456 8.09925 8.26008e-05 0.000182498
1.69354 7.871 0.000112418 0.000153595
1.75429 7.99901 0.000123296 0.000157507
2.15799 7.75757 0.000138596 0.000153928
2.25672 7.85574 0.000132826 0.000161121
2.66907 7.59251 0.00012909 0.000139585
2.8265 7.64347 0.00012334 0.000147541
3.24522 7.35492 0.000214506 0.000107692
3.47107 7.3519 0.000418991 -3.10092e-05
3.84567 7.0581 0.000533112 4.41789e-05
4.11144 7.0243 0.000869227 -0.000197003
4.46605 6.73796 0.00091173 -0.000259845
4.74379 6.70124 0.00147531 -0.000669162
5.1097 6.42541 0.00164816 -0.000609595
5.37735 6.40476 0.00238889 -0.00108093
5.72668 6.15009 0.00247846 -0.00101785
5.97178 6.15895 0.00334015 -0.00161489
6.3345 5.91407 0.00342823 -0.00177635
6.55496 5.9444 0.00435438 -0.0024582
6.92875 5.70877 0.00464094 -0.00244541
7.14456 5.74194 0.00569199 -0.00318031
7.51707 5.498 0.00590455 -0.00342644
7.74073 5.51969 0.00703014 -0.00429441
8.1337 5.26498 0.00736149 -0.00445353
8.36924 5.27051 0.00857973 -0.00521945
8.79193 5.00051 0.00899455 -0.00537566
9.03587 4.99351 0.0101373 -0.00624832
9.47714 4.72515 0.0105047 -0.00644513
9.71597 4.72798 0.0116034 -0.00713927
10.1368 4.47173 0.0119356 -0.00713072
10.3517 4.4955 0.0129156 -0.00767241
10.7607 4.25789 0.013126 -0.00756504
10.949 4.3094 0.0140385 -0.0080763
11.3548 4.09475 0.0142798 -0.00797909
11.5209 4.16603 0.0151014 -0.00840293
11.9031 3.95345 0.0152883 -0.00816261
12.0614 4.03208 0.0161501 -0.00858188
12.4329 3.81677 0.0163491 -0.00834437
12.5921 3.89337 0.0172162 -0.00878047
12.9769 3.67486 0.0173359 -0.0085796
13.1367 3.74564 0.0181896 -0.0090137
13.5355 3.52125 0.0183465 -0.00879635
13.6921 3.58988 0.0192219 -0.00921802
14.0921 3.36461 0.0195178 -0.00894268
14.2373 3.44192 0.0203119 -0.00931173
14.6351 3.22631 0.0204601 -0.00898489
14.7523 3.32395 0.0211347 -0.00932057
15.1457 3.12709 0.0212881 -0.00908482
15.2183 3.25503 0.021818 -0.00934149
15.6011 3.08647 0.022069 -0.00902582
15.6225 3.24719 0.0223797 -0.00921559
15.9876 3.10531 0.0225731 -0.00872531
15.9639 3.29397 0.0227061 -0.00891006
16.3111 3.16547 0.0228921 -0.00842191
16.2555 3.37444 0.022889 -0.00859297
16.5915 3.24868 0.0230454 -0.00815139
16.5172 3.46951 0.0229536 -0.00828043
16.849 3.34336 0.0230693 -0.00790954
16.7658 3.56964 0.022921 -0.00800424
17.0961 3.44505 0.022999 -0.00761654
0.193821 8.48146 1.54143e-05 0.000223591
0.203847 8.66569 4.9834e-06 0.000272082
0.566481 8.42385 4.8176e-05 0.000210937
0.597671 8.59089 3.626e-05 0.000224249
0.947307 8.34572 7.2142e-05 0.000225312
1.00343 8.49429 7.33216e-05 0.000248644
1.3612 8.23623 8.65111e-05 0.000194689
1.44018 8.35632 9.48565e-05 0.000203052
1.83645 8.11022 0.000141276 0.000163188
1.94525 8.20013 0.000165567 0.000166259
2.3789 7.92993 0.00013375 0.000161722
2.52996 7.97781 0.000158079 0.000132123
3.00464 7.66456 0.000206652 5.87644e-05
3.20266 7.66135 0.000411912 -0.00015818
3.71425 7.32748 0.000759297 -0.000208494
3.96151 7.29434 0.00120348 -0.000467756
4.38146 6.98512 0.00132858 -0.000601149
4.64491 6.95327 0.00197333 -0.00113752
5.01133 6.67613 0.00219967 -0.0011497
5.25982 6.6692 0.00304159 -0.00168618
5.6235 6.40607 0.00322371 -0.00163986
5.84662 6.42953 0.00413959 -0.00227871
6.19672 6.1858 0.00424094 -0.00230741
6.40434 6.22565 0.00517918 -0.00304274
6.75946 5.98453 0.00535584 -0.00311897
6.95655 6.02715 0.00639146 -0.00381431
7.34958 5.7748 0.00673809 -0.00398102
7.55 5.80307 0.00779137 -0.00479817
7.96218 5.53543 0.00816919 -0.00514634
8.18025 5.54691 0.00928968 -0.00594508
8.6005 5.27204 0.00973823 -0.00599025
8.82366 5.2744 0.0108333 -0.00677559
9.26577 4.99419 0.0112108 -0.0070361
9.477 5.00781 0.0121953 -0.00771887
9.92849 4.74761 0.0125963 -0.00773716
10.1134 4.78585 0.013474 -0.00825248
10.5362 4.53999 0.0137919 -0.0081623
10.6931 4.6029 0.0145672 -0.00860572
11.1088 4.37794 0.0148323 -0.00852339
11.2461 4.4583 0.0155402 -0.00893238
11.6655 4.24644 0.0158675 -0.00880712
11.7951 4.3315 0.0166007 -0.00920699
12.2061 4.1137 0.0169743 -0.0090105
12.3401 4.19589 0.0177606 -0.00944608
12.7425 3.97008 0.0180353 -0.00921409
12.8836 4.04732 0.0188059 -0.00963657
13.2878 3.8181 0.0190108 -0.00944373
13.4266 3.89512 0.0197712 -0.00985064
13.8335 3.66577 0.0200332 -0.00961864
13.9552 3.75339 0.0207284 -0.00996949
14.3572 3.534 0.020979 -0.0096319
14.4473 3.64493 0.0215031 -0.00990613
14.8353 3.44339 0.0216654 -0.00959857
14.882 3.58647 0.0220432 -0.0098174
15.2527 3.40712 0.0221831 -0.00954578
15.2519 3.58232 0.0224035 -0.00971067
15.6086 3.4282 0.0225473 -0.00937736
15.5671 3.62649 0.0226119 -0.00952821
15.9134 3.49579 0.0227397 -0.00909033
15.8458 3.707 0.0226976 -0.00925679
16.1835 3.59029 0.0228194 -0.00876752
16.1038 3.80982 0.0226941 -0.00892828
16.4344 3.6943 0.0228051 -0.00841195
16.3496 3.92212 0.0226228 -0.00853146
16.6774 3.79889 0.0227192 -0.00809383
0.218458 8.83777 -3.69778e-06 0.000326944
0.243614 8.99198 2.55378e-05 0.000357108
0.639177 8.74365 2.32569e-05 0.0002291
0.699767 8.87954 4.98934e-05 0.000237899
1.07746 8.62555 7.75357e-05 0.000268056
1.1705 8.73555 8.27261e-05 0.00027224
1.54086 8.45776 0.000104896 0.000199932
1.66253 8.53998 0.000113711 0.000186136
2.08139 8.26524 0.000197819 0.000159751
2.24183 8.30427 0.000238713 0.000135683
2.70667 8.00059 0.00021617 5.46431e-05
2.90191 8.00217 0.00035032 -0.00011808
3.41484 7.64126 0.000737081 -0.000449948
3.63262 7.61635 0.00118248 -0.000717321
4.20005 7.26437 0.00172835 -0.000884943
4.42197 7.24555 0.00233675 -0.00141981
4.8896 6.93966 0.00279067 -0.00177325
5.10728 6.9489 0.00365968 -0.00237653
5.48497 6.68342 0.0039486 -0.00228187
5.68626 6.71929 0.00487352 -0.00292068
6.04718 6.47026 0.00506873 -0.00295141
6.23067 6.52118 0.00598999 -0.00363001
6.5995 6.27261 0.00616187 -0.00377385
6.78678 6.31994 0.00715556 -0.00451568
7.15225 6.06592 0.00743001 -0.00457389
7.35133 6.0974 0.00847359 -0.00538308
7.74976 5.82522 0.00885617 -0.00563069
7.95129 5.84173 0.009909 -0.00645804
8.39242 5.55708 0.0103777 -0.00669311
8.59491 5.56995 0.01139 -0.007391
9.0336 5.28383 0.0118381 -0.00750775
9.22561 5.30601 0.0127506 -0.0081694
9.66695 5.03778 0.013071 -0.00828458
9.83408 5.08545 0.0138413 -0.00875499
10.2723 4.84196 0.0142543 -0.00870683
10.4093 4.91374 0.0149546 -0.00912173
10.8278 4.68016 0.0152474 -0.00900196
10.9458 4.76726 0.0158646 -0.00937205
11.3678 4.54564 0.0162031 -0.00932931
11.4791 4.63627 0.0168509 -0.00972857
11.9149 4.41816 0.0173139 -0.00961461
12.028 4.50489 0.0180037 -0.0100266
12.4653 4.27812 0.0184997 -0.00987626
12.5818 4.36129 0.0191826 -0.0102855
13.0128 4.1271 0.0195177 -0.01004
13.1269 4.21244 0.0201559 -0.0104177
13.548 3.98074 0.0204417 -0.0102146
13.6465 4.07909 0.0209988 -0.0105267
14.0516 3.85719 0.021284 -0.0102629
14.1183 3.98067 0.0216922 -0.0105019
14.5045 3.77772 0.0218727 -0.0101335
14.5285 3.93336 0.022107 -0.0103238
14.8937 3.75301 0.0222545 -0.0099774
14.8749 3.94033 0.0223417 -0.0101114
15.2218 3.77774 0.0224725 -0.00982681
15.1705 3.98827 0.0224524 -0.00992634
15.5073 3.8384 0.0225679 -0.00964724
15.4371 4.05946 0.0224806 -0.00975029
15.7702 3.92477 0.0225926 -0.00939523
15.6913 4.14701 0.0224675 -0.00951128
16.0224 4.03097 0.0225587 -0.00907082
15.9406 4.2529 0.0224178 -0.00919728
0.280768 9.12456 9.79549e-05 0.000323858
0.328247 9.23236 0.000210009 0.000228333
0.782263 9.00315 0.000154486 0.000296212
0.88494 9.11597 0.000319908 0.000424982
1.28037 8.8231 9.47927e-05 0.000251118
1.40663 8.89188 0.000122591 0.000218751
1.80505 8.60329 0.000120804 0.000164362
1.96538 8.6434 0.000173746 0.000105343
2.4258 8.32032 0.000318065 5.6225e-05
2.62798 8.32291 0.00047834 -0.00013675
3.10987 7.98244 0.000655569 -0.000484285
3.32654 7.95027 0.00113501 -0.00102263
3.85078 7.59359 0.00174695 -0.00100045
4.06178 7.57799 0.00237434 -0.00142755
4.62212 7.24353 0.00303648 -0.00201852
4.79913 7.26003 0.00381781 -0.00267321
5.29693 6.97939 0.00455304 -0.00294929
5.4585 7.02691 0.00540252 -0.00350843
5.86828 6.77063 0.00579699 -0.00357862
6.03533 6.83002 0.00669764 -0.0042375
6.40506 6.57538 0.00690749 -0.00431864
6.57683 6.62717 0.00782555 -0.00504328
6.97161 6.36212 0.00813776 -0.00528362
7.1558 6.3971 0.00910022 -0.00606258
7.55391 6.12099 0.00951685 -0.00620818
7.75624 6.13965 0.0105518 -0.00703719
8.15432 5.85618 0.0109231 -0.00725562
8.35392 5.87368 0.011892 -0.0080185
8.78536 5.5897 0.0123322 -0.00804375
8.96118 5.62088 0.0131854 -0.00864119
9.39696 5.34387 0.013565 -0.00875116
9.54635 5.39872 0.0142722 -0.00923986
9.97889 5.14991 0.0145373 -0.00918215
10.1036 5.22877 0.0151663 -0.00957796
10.5285 4.99785 0.0155857 -0.00950725
10.6346 5.09047 0.0161632 -0.00987292
11.0524 4.86018 0.0164558 -0.00974427
11.1514 4.95593 0.0170417 -0.0101335
11.5832 4.72793 0.0174878 -0.0101322
11.6818 4.81976 0.0181145 -0.0105391
12.1346 4.59176 0.0186625 -0.0104354
12.2337 4.67986 0.019279 -0.0108328
12.6881 4.44742 0.0197985 -0.0106637
12.7814 4.53934 0.0203348 -0.0110031
13.2225 4.30679 0.0207027 -0.0107577
13.2966 4.41355 0.0211356 -0.0110404
13.7179 4.19361 0.0214247 -0.010783
13.7601 4.32638 0.0217119 -0.0109849
14.1529 4.12545 0.0219534 -0.010691
14.1561 4.29097 0.0220692 -0.0108304
14.5212 4.11076 0.0222193 -0.0104831
14.4871 4.30649 0.0222049 -0.0106026
14.832 4.14453 0.0223415 -0.0102445
14.7712 4.36059 0.0222461 -0.010362
15.1051 4.20898 0.0223724 -0.0100306
15.0306 4.43555 0.0222329 -0.010133
15.3607 4.28638 0.0223536 -0.00984034
15.2801 4.51749 0.0221883 -0.00992158
15.6098 4.37291 0.022314 -0.00960758
15.5254 4.60415 0.0221247 -0.0096957
0.381812 9.31885 0.000334516 9.48119e-05
0.436206 9.39141 0.000432548 -3.33753e-05
1.00478 9.21439 0.000515513 0.000596023
1.12819 9.29266 0.000686166 0.000725404
1.55182 8.94485 0.000166693 0.000175121
1.71437 8.98396 0.000241458 0.000115502
2.14218 8.6583 0.000322606 -1.42059e-05
2.33392 8.65044 0.000573151 -0.000194449
2.83849 8.31738 0.000727959 -0.000458093
3.04717 8.29988 0.00111857 -0.000966686
3.54592 7.91987 0.00173261 -0.00148381
3.75852 7.90218 0.00244164 -0.00184082
4.2605 7.576 0.00307156 -0.00201488
4.44366 7.59164 0.00382654 -0.00268918
4.95408 7.29483 0.00460791 -0.00329428
5.09014 7.34635 0.00537836 -0.0038647
5.59655 7.0861 0.00618436 -0.00405391
5.71676 7.15177 0.00689605 -0.00457924
6.19049 6.89049 0.00755752 -0.00489033
6.33615 6.94812 0.00837051 -0.00553913
6.74943 6.67352 0.0087357 -0.00580906
6.92189 6.71374 0.00962037 -0.00658221
7.33966 6.42586 0.0100444 -0.00683845
7.5209 6.45195 0.0109527 -0.00758698
7.9521 6.15846 0.0115279 -0.00782998
8.13568 6.18359 0.012401 -0.00855256
8.54373 5.89985 0.0127856 -0.00869718
8.71724 5.93942 0.0135882 -0.00928082
9.12067 5.66681 0.0139393 -0.00917759
9.26357 5.72901 0.0145928 -0.00964796
9.67552 5.46968 0.0148852 -0.00965752
9.78823 5.55429 0.0154222 -0.0100264
10.2114 5.31872 0.0157366 -0.00994686
10.307 5.41614 0.01627 -0.0103016
10.7313 5.18825 0.0167059 -0.0102321
10.8215 5.28844 0.0172366 -0.0106025
11.2454 5.05278 0.0176304 -0.0105429
11.3354 5.15016 0.0182198 -0.0109648
11.7749 4.91212 0.0187206 -0.0109401
11.8615 5.00631 0.0192854 -0.0113234
12.323 4.77126 0.0198381 -0.0112086
12.3993 4.8686 0.0203086 -0.0115389
12.8581 4.64016 0.020774 -0.0112957
12.9144 4.75286 0.0211043 -0.0115392
13.3467 4.53563 0.0214471 -0.0112645
13.3709 4.67486 0.0216329 -0.0114333
13.7731 4.47828 0.0218762 -0.0111448
13.7587 4.64896 0.0219233 -0.011267
14.1309 4.47508 0.022087 -0.0109487
14.0822 4.6747 0.0220169 -0.0110491
14.4314 4.51613 0.0221242 -0.0107102
14.3597 4.73527 0.021987 -0.0108058
14.6976 4.58393 0.0221062 -0.0104691
14.6147 4.81147 0.0219277 -0.0105614
14.9494 4.66456 0.0220617 -0.0102287
14.8627 4.8946 0.0218638 -0.0103162
15.1963 4.75125 0.0219911 -0.00999597
0.489655 9.45616 0.000506599 -0.000127231
0.5406 9.51706 0.000557441 -0.000180181
1.24558 9.34745 0.000768624 0.000712601
1.36041 9.38159 0.000829485 0.000595984
1.88696 9.01122 0.000382944 -4.43059e-06
2.06094 9.01719 0.000582575 -0.000265131
2.53966 8.63768 0.000932845 -0.000477299
2.75509 8.63011 0.00143012 -0.000902202
3.24789 8.27331 0.00164538 -0.00163843
3.43953 8.25079 0.0022612 -0.00229441
3.95777 7.90018 0.00320051 -0.00226079
4.13686 7.91694 0.0039535 -0.00283837
4.60968 7.62691 0.0046167 -0.00339434
4.75948 7.67981 0.00541245 -0.00411276
5.21443 7.41063 0.00612471 -0.00439423
5.33334 7.48302 0.00684 -0.00489302
5.82699 7.21947 0.00755188 -0.00509263
5.93405 7.2861 0.00818131 -0.00561523
6.47265 7.00182 0.00912894 -0.0061835
6.60033 7.05217 0.00983396 -0.00681251
7.09019 6.74984 0.0104588 -0.00731108
7.24879 6.78523 0.0112343 -0.00797773
7.69543 6.48007 0.0118191 -0.00830369
7.85912 6.51469 0.0126284 -0.00897895
8.30237 6.21986 0.0131709 -0.00920212
8.45021 6.26978 0.0138406 -0.00975165
8.87026 5.99514 0.0142872 -0.00977438
9.00176 6.067 0.0148796 -0.0101983
9.39087 5.80703 0.0151573 -0.0100538
9.50396 5.89834 0.0156671 -0.010424
9.88973 5.64941 0.0159235 -0.0103773
9.98455 5.75181 0.016411 -0.0107251
10.3948 5.51788 0.0167846 -0.01066
10.479 5.62176 0.0172949 -0.011033
10.9074 5.38944 0.0177721 -0.0109936
10.9898 5.49077 0.0183005 -0.0113923
11.4214 5.2484 0.0187949 -0.0113812
11.5022 5.34877 0.019328 -0.0117727
11.9404 5.10442 0.019791 -0.0116792
12.0095 5.20897 0.0202254 -0.0120007
12.4601 4.97484 0.020681 -0.0118202
12.5035 5.09287 0.0209524 -0.0120549
12.9476 4.8798 0.0213249 -0.0117397
12.9569 5.02246 0.0214422 -0.011908
13.369 4.83183 0.0216969 -0.011555
13.342 5.00555 0.0216834 -0.0116667
13.7201 4.83662 0.0218568 -0.0113485
13.6609 5.03804 0.0217455 -0.0114276
14.0152 4.88579 0.0218648 -0.0111258
13.9348 5.10446 0.0217008 -0.0112058
14.2773 4.96002 0.0218082 -0.0108919
14.1877 5.18746 0.0216243 -0.0109804
14.5263 5.04245 0.0217345 -0.0106535
14.4348 5.2765 0.0215374 -0.0107478
14.7723 5.12824 0.0216574 -0.0104117
0.581416 9.57754 0.000577726 -0.000205727
0.610942 9.63739 0.000565611 -0.000224782
1.468 9.4105 0.000957392 0.000444079
1.56262 9.44026 0.0011446 0.000272608
2.23013 9.00721 0.000829458 -0.000627062
2.38726 8.9936 0.00117279 -0.00101252
2.96623 8.62706 0.00199334 -0.00151
3.15786 8.62305 0.00251387 -0.00226193
3.62109 8.24494 0.00293119 -0.00280744
3.78933 8.25933 0.00365032 -0.00323475
4.29392 7.9538 0.0046994 -0.00352894
4.43177 8.00815 0.00541954 -0.00422264
4.89474 7.74662 0.00616427 -0.00478622
5.02041 7.82139 0.00685894 -0.00538321
5.45259 7.55847 0.00752672 -0.0054021
5.57698 7.63207 0.00819437 -0.00592905
6.04365 7.34968 0.00880572 -0.00616336
6.16046 7.40905 0.00944537 -0.00675365
6.71986 7.10066 0.0104934 -0.0074197
6.83399 7.1484 0.0111192 -0.00800138
7.39301 6.8239 0.011938 -0.00858198
7.52043 6.86882 0.0125703 -0.00913499
8.00745 6.55969 0.0133349 -0.00957612
8.13734 6.6172 0.0139366 -0.010093
8.57935 6.33427 0.0144209 -0.0102096
8.69127 6.41256 0.0149236 -0.0105988
9.11347 6.1528 0.0153805 -0.0105652
9.20901 6.24933 0.0158124 -0.0108938
9.60489 5.99948 0.0161451 -0.0107847
9.69561 6.10673 0.0166085 -0.0111541
10.0755 5.8587 0.0169053 -0.0110914
10.1637 5.96803 0.0174117 -0.0114854
10.5617 5.72684 0.0178087 -0.0114257
10.6435 5.8331 0.0183198 -0.0118323
11.0685 5.59305 0.0188073 -0.011786
11.1422 5.69796 0.0192789 -0.0121645
11.5751 5.4533 0.0197915 -0.0121233
11.6371 5.56475 0.0201698 -0.0124262
12.0656 5.32311 0.0205729 -0.0122794
12.1053 5.45005 0.020814 -0.0125028
12.528 5.22555 0.0211195 -0.0122455
12.5326 5.37533 0.0211908 -0.0123972
12.9428 5.1817 0.0214557 -0.0120485
12.9078 5.35753 0.021377 -0.0121645
13.2927 5.19397 0.0215907 -0.0117727
13.2259 5.39401 0.0214279 -0.0118759
13.5856 5.24954 0.0215855 -0.0115036
13.4997 5.46752 0.0213939 -0.0115895
13.8452 5.32818 0.0215189 -0.0112809
13.7507 5.55645 0.021326 -0.0113614
14.093 5.4164 0.0214384 -0.0110656
13.9954 5.64953 0.0212503 -0.0111541
0.630687 9.69593 0.00052312 -0.00025075
0.642745 9.75385 0.000451882 -0.000289644
1.64333 9.47146 0.00136839 9.22459e-05
1.7093 9.50528 0.00160167 -8.84971e-05
2.52913 8.99063 0.00162328 -0.00139027
2.64809 9.00252 0.00210699 -0.0017719
3.3255 8.62535 0.00301134 -0.00307064
3.46897 8.64378 0.00353223 -0.00375299
3.94076 8.2938 0.00436812 -0.00372507
4.0737 8.34701 0.00506522 -0.00430708
4.55386 8.07609 0.00610244 -0.00487558
4.66435 8.15229 0.00674274 -0.00547237
5.14113 7.89773 0.0075113 -0.00590821
5.25942 7.97167 0.00813153 -0.00637316
5.70796 7.70047 0.00885315 -0.0064799
5.84409 7.76288 0.00951701 -0.00706376
6.28585 7.46391 0.0101101 -0.00739579
6.41846 7.51545 0.0107899 -0.00805418
6.94465 7.19679 0.0117127 -0.00854817
7.05366 7.24733 0.0122844 -0.00907231
7.6301 6.92192 0.0131357 -0.0096414
7.72343 6.98385 0.0136411 -0.0101055
8.24678 6.68759 0.0144372 -0.0105314
8.33578 6.76958 0.014851 -0.0109013
8.78727 6.50291 0.0153619 -0.0109412
8.86918 6.60298 0.0157569 -0.0112666
9.29211 6.35333 0.0162117 -0.011217
9.36623 6.4623 0.0166081 -0.0115585
9.77796 6.21691 0.0170685 -0.0115418
9.85346 6.32836 0.0175268 -0.0119441
10.2487 6.07839 0.0179198 -0.0119
10.329 6.18964 0.018414 -0.012323
10.7235 5.9412 0.0188071 -0.0122347
10.7994 6.05283 0.0192507 -0.0126179
11.2095 5.80781 0.0196977 -0.0125159
11.2685 5.92572 0.0200367 -0.0128199
11.6855 5.68619 0.0204509 -0.0126772
11.7185 5.82086 0.0206286 -0.0128748
12.1259 5.59267 0.0209447 -0.0126699
12.1264 5.75292 0.0209588 -0.0127771
12.5168 5.54374 0.0211824 -0.0125148
12.4818 5.73062 0.021083 -0.0125853
12.8553 5.54934 0.0212633 -0.012272
12.7894 5.7554 0.0211014 -0.0123482
13.1475 5.60308 0.0212542 -0.0119887
13.0626 5.81925 0.0210641 -0.012087
13.4087 5.68898 0.0212008 -0.0116968
13.3169 5.91197 0.021001 -0.0118086
13.6559 5.78847 0.0211269 -0.0114559
0.647626 9.81132 0.000366726 -0.000340893
0.645938 9.86882 0.000278272 -0.000401212
1.75742 9.5432 0.00180393 -0.00026123
1.78714 9.58584 0.0019251 -0.000430778
2.73555 9.02928 0.00254256 -0.00214138
2.78879 9.0688 0.00285441 -0.00248531
3.58471 8.68244 0.0040504 -0.0043274
3.67044 8.73866 0.004529 -0.00483406
4.18788 8.41625 0.00573914 -0.0049358
4.28487 8.49648 0.0063835 -0.0055593
4.7671 8.23172 0.00734002 -0.00599964
4.86417 8.31082 0.00790088 -0.0064657
5.37622 8.04111 0.00873246 -0.00682446
5.49075 8.10598 0.00932262 -0.00730185
5.98225 7.8203 0.0101938 -0.00768653
6.1181 7.87478 0.0108629 -0.00833372
6.55522 7.56603 0.011472 -0.00869566
6.6917 7.61841 0.0121414 -0.00930251
7.16188 7.30187 0.0128415 -0.00958577
7.26891 7.36264 0.0133841 -0.0100958
7.80374 7.05441 0.0140946 -0.0105301
7.87474 7.1335 0.0145022 -0.0109134
8.40657 6.86083 0.0152083 -0.0112288
8.46246 6.95892 0.0155244 -0.011531
8.93862 6.70967 0.0161215 -0.011588
8.99695 6.82015 0.0164629 -0.0119101
9.43363 6.57421 0.0170055 -0.0119173
9.49494 6.6877 0.0173999 -0.0122877
9.92266 6.4405 0.0179684 -0.0123437
9.98483 6.55392 0.0183794 -0.0127298
10.4021 6.30283 0.0188685 -0.0127319
10.4643 6.42001 0.0192492 -0.0130936
10.8672 6.17055 0.019625 -0.0129647
10.9214 6.29754 0.0199097 -0.0132629
11.3159 6.0552 0.0202779 -0.0130664
11.3475 6.19974 0.020406 -0.0132507
11.735 5.97182 0.0207099 -0.0130232
11.7335 6.14119 0.0206941 -0.0131252
12.1077 5.93143 0.0208926 -0.0128518
12.0721 6.1273 0.0207717 -0.0129122
12.4309 5.93372 0.020923 -0.0126313
12.369 6.14967 0.0207508 -0.0126887
12.7151 5.97278 0.0209045 -0.0124064
12.6376 6.19866 0.020705 -0.0124742
12.9763 6.04147 0.0208599 -0.0121761
12.8923 6.26941 0.0206487 -0.0122629
13.2274 6.1367 0.0207901 -0.011917
0.639318 9.92676 0.000187383 -0.000466352
0.628287 9.98484 9.51914e-05 -0.000532688
1.80138 9.63252 0.00196086 -0.000600156
1.8029 9.68282 0.00191577 -0.000774955
2.81198 9.11821 0.00300979 -0.00280321
2.8116 9.17587 0.00302461 -0.00310463
3.72581 8.80778 0.00494681 -0.00528869
3.75202 8.88528 0.00529293 -0.00567817
4.36496 8.58298 0.00696899 -0.00611948
4.42697 8.67182 0.00747323 -0.0066041
4.95594 8.38788 0.00842 -0.00690311
5.04082 8.46302 0.00889211 -0.00732746
5.60034 8.16788 0.00989884 -0.0078091
5.70204 8.22898 0.0104551 -0.00834566
6.24671 7.92933 0.0115024 -0.00898238
6.36374 7.98698 0.0120877 -0.00958939
6.82252 7.67566 0.0127763 -0.00986282
6.94301 7.74031 0.0133482 -0.0103852
7.37282 7.43179 0.0139021 -0.0105916
7.47111 7.51112 0.014381 -0.0110541
7.93952 7.22121 0.0148747 -0.0112635
8.00031 7.31749 0.0152189 -0.0115889
8.50701 7.0621 0.0158103 -0.0118192
8.54361 7.16944 0.0160755 -0.0121025
9.04479 6.9325 0.0167832 -0.0122343
9.08208 7.04577 0.0170784 -0.0125564
9.54921 6.80253 0.0177814 -0.0126611
9.59398 6.91928 0.0181259 -0.0130192
10.0385 6.67028 0.0187486 -0.0130947
10.0812 6.79178 0.0190643 -0.0134307
10.5124 6.54387 0.0195443 -0.0133986
10.544 6.677 0.0197504 -0.0136455
10.9567 6.43673 0.0200889 -0.0134932
10.9702 6.59005 0.0201644 -0.0136566
11.3585 6.36176 0.0204251 -0.0133794
11.3462 6.54127 0.020372 -0.0134736
11.7125 6.32937 0.0205804 -0.0131823
11.6719 6.53372 0.0204336 -0.0132343
12.0219 6.33795 0.0205894 -0.0129493
11.9594 6.55952 0.0204052 -0.0129953
12.3002 6.37507 0.0205565 -0.0127399
12.2269 6.60709 0.0203657 -0.0127883
12.5608 6.43153 0.0205065 -0.0125403
12.4862 6.67059 0.0203161 -0.0125921
12.8131 6.5045 0.0204366 -0.0123328
0.613689 10.0435 2.52219e-06 -0.000596948
0.596386 10.1036 -8.98171e-05 -0.000656313
1.79411 9.73668 0.00178737 -0.000969247
1.77786 9.79438 0.00159446 -0.00119479
2.79457 9.24071 0.00290887 -0.00340942
2.7687 9.31162 0.00272293 -0.00372048
3.75188 8.96778 0.00556075 -0.00598752
3.73052 9.05272 0.00576831 -0.00621573
4.46967 8.76071 0.00788765 -0.00701952
4.49276 8.84867 0.00821413 -0.00737455
5.11592 8.53736 0.00931495 -0.00774541
5.17907 8.61229 0.00968955 -0.00815931
5.79264 8.29154 0.0109784 -0.00890055
5.86948 8.35768 0.0114452 -0.00942684
6.46575 8.05028 0.0126012 -0.0101211
6.55028 8.12081 0.0130404 -0.0105852
7.0494 7.81422 0.0138477 -0.0108656
7.13899 7.89828 0.0142756 -0.0112995
7.56172 7.6015 0.0148096 -0.0114725
7.64286 7.70281 0.0151809 -0.011842
8.05854 7.42223 0.0155406 -0.0119035
8.1152 7.53539 0.0158469 -0.0122168
8.57557 7.28078 0.0163292 -0.0123888
8.60603 7.39684 0.0165834 -0.0126843
9.10905 7.16037 0.0173473 -0.0128749
9.12705 7.2777 0.0175928 -0.0131918
9.62617 7.03906 0.0184192 -0.0133518
9.64351 7.16343 0.0186552 -0.0136558
10.1101 6.92057 0.0193039 -0.0137204
10.1219 7.05829 0.0194602 -0.0139617
10.5574 6.82165 0.0198689 -0.0138379
10.5513 6.97907 0.0199068 -0.0139887
10.9608 6.7579 0.0201405 -0.0137556
10.9297 6.93915 0.0200572 -0.013831
11.3111 6.7357 0.0202508 -0.0135325
11.2565 6.94055 0.0200923 -0.0135863
11.6142 6.75018 0.020259 -0.0132771
11.5439 6.97396 0.0200727 -0.0133299
11.8879 6.78908 0.0202266 -0.0130497
11.8112 7.02495 0.0200448 -0.0131111
12.1511 6.84374 0.0201883 -0.0128433
12.0746 7.0859 0.0200095 -0.0129024
0.577411 10.1657 -0.000180192 -0.000707651
0.558463 10.23 -0.000266233 -0.000747555
1.75718 9.85522 0.00139341 -0.00143987
1.73392 9.91794 0.00120156 -0.00169521
2.7404 9.38744 0.00256208 -0.00402193
2.71345 9.46715 0.00247374 -0.00431633
3.6944 9.13829 0.00594868 -0.00638001
3.65032 9.22349 0.00613136 -0.0065118
4.49667 8.93522 0.00846324 -0.00767777
4.48354 9.02 0.008649 -0.00793566
5.22839 8.68882 0.0100145 -0.00856655
5.26302 8.76733 0.0102876 -0.00896172
5.93118 8.42903 0.0118515 -0.00990362
5.97768 8.50611 0.0122002 -0.0103261
6.61593 8.19921 0.0134065 -0.0109911
6.66297 8.2853 0.0137061 -0.0113496
7.21006 7.99214 0.0146348 -0.011685
7.2617 8.09459 0.0149298 -0.0120239
7.71276 7.81382 0.0154977 -0.0121693
7.76934 7.93271 0.0157771 -0.0124761
8.17038 7.65633 0.0161425 -0.012535
8.22245 7.78396 0.0164289 -0.0128596
8.63767 7.5186 0.0168463 -0.0129945
8.67149 7.64685 0.017121 -0.0133223
9.13875 7.39962 0.0178167 -0.0135009
9.14752 7.52808 0.0180251 -0.0138051
9.64513 7.2938 0.018834 -0.0139333
9.6327 7.43142 0.0189537 -0.0141786
10.1137 7.20561 0.0195335 -0.0141595
10.0844 7.36166 0.0195366 -0.014323
10.5241 7.14911 0.0198655 -0.0141034
10.4755 7.32902 0.0197514 -0.0141879
10.878 7.13211 0.0199378 -0.0139066
10.8083 7.33404 0.0197757 -0.0139731
11.1851 7.15245 0.0199269 -0.013664
11.1002 7.37008 0.0197436 -0.013746
11.4631 7.20169 0.019897 -0.0134219
11.3722 7.43225 0.0197195 -0.0135322
11.7299 7.26634 0.0198663 -0.0131978
0.541928 10.2968 -0.000339575 -0.00077887
0.530105 10.3661 -0.000382156 -0.000818221
1.70806 9.98187 0.00103083 -0.00194205
1.67712 10.0469 0.000876262 -0.00216534
2.68853 9.54983 0.00247335 -0.0046003
2.66437 9.63455 0.00255791 -0.00486403
3.60404 9.30781 0.0063146 -0.00664769
3.55964 9.39118 0.00646975 -0.00681336
4.4576 9.10312 0.00878756 -0.00815655
4.42394 9.18492 0.00889507 -0.00834952
5.28352 8.84772 0.010518 -0.00933296
5.29032 8.92968 0.0107039 -0.00967333
6.01027 8.58865 0.0124972 -0.0106961
6.03007 8.67622 0.0127477 -0.0110167
6.69299 8.37825 0.0139539 -0.0116708
6.70807 8.47696 0.0141581 -0.0119609
7.29425 8.204 0.0151668 -0.0123229
7.30912 8.3186 0.0153533 -0.0125917
7.81036 8.05733 0.0160219 -0.0127697
7.83429 8.18558 0.0162302 -0.0130488
8.26817 7.91709 0.0167056 -0.0131948
8.30273 8.05413 0.0169607 -0.0135321
8.70638 7.78219 0.017404 -0.0136659
8.7379 7.92463 0.0176696 -0.0140128
9.15619 7.66539 0.0182235 -0.0141098
9.16437 7.81364 0.0184045 -0.0144106
9.61037 7.57835 0.019023 -0.0143994
9.58252 7.73725 0.0190481 -0.0146031
10.0362 7.52608 0.0194895 -0.0144591
9.97463 7.70007 0.0193926 -0.0145666
10.407 7.51544 0.0196167 -0.0142761
10.3227 7.70706 0.0194636 -0.0143621
10.7233 7.54205 0.0196052 -0.0140494
10.626 7.75428 0.0194188 -0.0141268
11.0049 7.59428 0.0195588 -0.0138345
10.9011 7.82644 0.0193708 -0.0139279
11.2723 7.66834 0.019534 -0.0136393
0.521939 10.438 -0.000392957 -0.00087016
0.516355 10.5117 -0.000371016 -0.000937249
1.63919 10.1133 0.000737628 -0.00234661
1.5966 10.181 0.000630626 -0.00246937
2.63989 9.72029 0.002721 -0.00509889
2.6156 9.80558 0.00294004 -0.00530981
3.52 9.47362 0.00660388 -0.00701317
3.4871 9.55517 0.00672941 -0.00724585
4.38781 9.26562 0.00898822 -0.00852336
4.35366 9.34519 0.00908051 -0.00869775
5.28475 9.01264 0.0108456 -0.00998415
5.26901 9.09585 0.010948 -0.0102713
6.03801 8.76829 0.0129552 -0.0112915
6.035 8.86396 0.0131261 -0.0115381
6.71043 8.58063 0.0143261 -0.0122252
6.7018 8.6886 0.0144639 -0.0124676
7.3085 8.43722 0.0154976 -0.0128403
7.29444 8.55923 0.0156048 -0.0130746
7.84071 8.31639 0.0164002 -0.0133099
7.82966 8.44956 0.0165305 -0.0135492
8.32121 8.19443 0.0171804 -0.0138593
8.3186 8.33836 0.0173492 -0.0141576
8.75865 8.07442 0.0178911 -0.0143417
8.75906 8.23212 0.0180478 -0.0146355
9.1668 7.97474 0.0185358 -0.014681
9.15384 8.14937 0.018595 -0.0149049
9.54994 7.91109 0.0190278 -0.0147874
9.50821 8.10139 0.018949 -0.014938
9.90572 7.88635 0.0192548 -0.0146586
9.83208 8.08765 0.0190932 -0.0147595
10.2296 7.90552 0.0192901 -0.014437
10.1338 8.11404 0.0191001 -0.0145118
10.521 7.97037 0.0192226 -0.0141972
10.4144 8.19074 0.0190286 -0.0142672
0.513537 10.5866 -0.000314413 -0.00102261
0.51471 10.6612 -0.000220242 -0.00113144
1.55547 10.2494 0.000574726 -0.00253267
1.52359 10.3168 0.000579518 -0.0025821
2.59363 9.889 0.00317074 -0.00552292
2.57646 9.96955 0.00341386 -0.00575123
3.46199 9.63614 0.00685998 -0.00750784
3.44482 9.71682 0.00700526 -0.00779421
4.32436 9.42379 0.00917939 -0.00888593
4.30108 9.50178 0.00928791 -0.00909317
5.24576 9.17881 0.0110212 -0.0105443
5.2173 9.2617 0.0110804 -0.0108133
6.02232 8.96235 0.0132646 -0.0117658
6.00056 9.06307 0.0133729 -0.0119791
6.68353 8.80032 0.0145771 -0.0126905
6.65574 8.91572 0.0146675 -0.0128908
7.26823 8.68441 0.0156777 -0.0132967
7.2299 8.8133 0.0157164 -0.0135045
7.80104 8.58569 0.0166202 -0.0137677
7.75434 8.72605 0.0166662 -0.0139702
8.29041 8.48691 0.0174491 -0.0143947
8.23432 8.64161 0.0174827 -0.0145688
8.72916 8.39752 0.0181214 -0.0148766
8.66278 8.56956 0.0181096 -0.0150581
9.11399 8.33531 0.0185779 -0.0150803
9.0382 8.52742 0.0184992 -0.0152209
9.44983 8.30637 0.0188006 -0.0150435
9.36657 8.51996 0.0186332 -0.0151329
9.75262 8.30594 0.0188842 -0.014849
9.66257 8.54015 0.0186569 -0.014923
10.0386 8.33738 0.0188748 -0.0145815
9.94354 8.58148 0.0186336 -0.0146556
0.522873 10.733 -8.27386e-05 -0.00127471
0.540264 10.7995 9.9088e-05 -0.00147821
1.50812 10.3813 0.000648785 -0.0026733
1.51198 10.442 0.000780318 -0.00282507
2.56625 10.0467 0.00367502 -0.00600714
2.56393 10.1207 0.00396022 -0.0062983
3.43516 9.7972 0.00717041 -0.00809729
3.43195 9.87702 0.00735655 -0.00840548
4.28364 9.57959 0.00940544 -0.00932143
4.27114 9.65795 0.00952978 -0.00957196
5.18502 9.34527 0.0111394 -0.0110639
5.14969 9.4305 0.0112104 -0.0112888
5.96935 9.16597 0.0134507 -0.0121814
5.92779 9.27112 0.0134975 -0.0123758
6.61717 9.03485 0.0147333 -0.0130658
6.56565 9.15793 0.0147705 -0.0132128
7.17768 8.94678 0.0157219 -0.0136923
7.10836 9.08592 0.0156944 -0.0138498
7.68771 8.87191 0.0166522 -0.0141612
7.5978 9.02398 0.0165648 -0.0143421
8.14999 8.80414 0.0174628 -0.0147006
8.03813 8.97436 0.0173698 -0.014816
8.55937 8.74887 0.0180321 -0.0151905
8.4253 8.93758 0.0179131 -0.0152743
8.92268 8.72244 0.018361 -0.0153354
8.77267 8.92378 0.0181986 -0.0154437
9.25015 8.73439 0.0184614 -0.0152262
9.09716 8.94806 0.0182838 -0.0153492
9.55164 8.78286 0.0184254 -0.0149738
0.567674 10.8595 0.000320117 -0.00176747
0.604915 10.9126 0.000594337 -0.00212719
1.53459 10.4987 0.000970931 -0.00304124
1.57347 10.5523 0.00122199 -0.00332376
2.56978 10.1921 0.00427519 -0.00662809
2.58369 10.2619 0.0046254 -0.00699832
3.43415 9.95605 0.00755739 -0.00871425
3.44114 10.0345 0.00776897 -0.00902209
4.26229 9.73771 0.00965757 -0.0098459
4.25614 9.8199 0.00979517 -0.0101374
5.1109 9.51866 0.0113019 -0.0114859
5.06794 9.61142 0.0114228 -0.0116531
5.87378 9.37883 0.0135061 -0.0125597
5.80451 9.48973 0.0134719 -0.0127287
6.498 9.28493 0.0147706 -0.013331
6.41038 9.41556 0.0147136 -0.0134357
7.01833 9.23164 0.0156352 -0.013964
6.90469 9.38374 0.0155352 -0.0140269
7.4807 9.18349 0.0164127 -0.0145071
7.33488 9.35255 0.0162152 -0.0146152
7.89773 9.15049 0.0171778 -0.0149419
7.72615 9.33252 0.0168796 -0.0150767
8.26748 9.13599 0.0177321 -0.0153167
8.08422 9.33923 0.0174536 -0.0153945
8.60034 9.14088 0.0180351 -0.0155258
8.41256 9.37509 0.0178156 -0.0155546
8.91564 9.17624 0.0181059 -0.0154847
0.650487 10.9594 0.000931954 -0.00253806
0.702104 11.0011 0.00133686 -0.00298419
1.62487 10.6045 0.00153888 -0.00367947
1.68398 10.6571 0.0019262 -0.00411882
2.60518 10.3313 0.00500466 -0.00740824
2.63253 10.4018 0.00540568 -0.0078508
3.45223 10.1131 0.00798831 -0.00932883
3.46531 10.1929 0.0082085 -0.00963234
4.25142 9.90558 0.00995058 -0.0104381
4.2453 9.996 0.0101177 -0.0107451
5.02007 9.71078 0.0115829 -0.01179
4.96609 9.81844 0.0117685 -0.0119072
5.71738 9.60505 0.0133927 -0.0128768
5.61191 9.72639 0.0132721 -0.012997
6.29874 9.54963 0.0145915 -0.0135423
6.16101 9.68703 0.0144084 -0.0136656
6.76539 9.54047 0.0153751 -0.0140585
6.59954 9.69886 0.0151365 -0.0140886
7.16251 9.53259 0.0159789 -0.0145969
6.96694 9.72171 0.015689 -0.0145257
7.52444 9.52622 0.0165321 -0.0151329
7.30043 9.73962 0.0161583 -0.0150503
7.86882 9.5462 0.0170856 -0.015473
7.62409 9.77352 0.0166179 -0.0154709
0.757023 11.0396 0.00180422 -0.00345371
0.810639 11.0768 0.00225478 -0.00389781
1.74598 10.7122 0.00238509 -0.00465287
1.80546 10.7714 0.00288766 -0.0052613
2.66271 10.4747 0.00581668 -0.00831284
2.69137 10.5511 0.00621785 -0.00877423
3.47671 10.2755 0.00842023 -0.00992935
3.48135 10.3627 0.00861526 -0.0102145
4.23358 10.0927 0.0102876 -0.0110529
4.21083 10.197 0.0104501 -0.0113525
4.90498 9.9359 0.0119232 -0.0120388
4.83554 10.0638 0.0120274 -0.0122
5.49122 9.85652 0.0131438 -0.013075
5.36206 9.99871 0.0130446 -0.0131087
5.99879 9.82898 0.0141742 -0.0137823
5.81993 9.97817 0.0139126 -0.0138493
6.40792 9.85705 0.0148311 -0.0141412
6.1964 10.0164 0.0145177 -0.0142521
6.74863 9.91384 0.0153283 -0.0144589
6.50946 10.103 0.0149018 -0.0144187
7.06025 9.97213 0.0157762 -0.0148143
0.856793 11.1153 0.00262316 -0.00428059
0.890814 11.1566 0.00290434 -0.00460385
1.85635 10.8364 0.00337099 -0.00587771
1.89401 10.9084 0.0038087 -0.00645218
2.71358 10.6323 0.00658876 -0.00921469
2.72543 10.7197 0.00691653 -0.00962309
3.47422 10.4559 0.00878414 -0.0104838
3.45211 10.5565 0.00892478 -0.0107375
4.17128 10.3094 0.0105859 -0.0116305
4.11078 10.4299 0.010639 -0.0118653
4.75457 10.2018 0.0120676 -0.0124049
4.65665 10.3489 0.0120379 -0.0126457
5.22917 10.1555 0.0129791 -0.0131106
5.09065 10.3264 0.0128829 -0.0131314
5.63508 10.1412 0.0136516 -0.0138375
5.45173 10.3272 0.0134317 -0.0137691
5.97628 10.1831 0.0141996 -0.0143537
5.76039 10.3699 0.0138932 -0.0143227
6.26228 10.2881 0.014507 -0.0145174
0.909146 11.2017 0.00310096 -0.00487391
0.909928 11.2508 0.00321445 -0.00509705
1.91482 10.9874 0.0041813 -0.00694578
1.91708 11.0728 0.00447838 -0.00733961
2.72347 10.8142 0.00718949 -0.00999102
2.7055 10.9166 0.00739733 -0.0103107
3.4131 10.6659 0.00904241 -0.0109803
3.35646 10.7848 0.00914282 -0.011223
4.02715 10.5584 0.0105996 -0.0120434
3.9207 10.6959 0.0104813 -0.0121554
4.53546 10.5032 0.0119028 -0.0128812
4.38762 10.6635 0.0116371 -0.0130622
4.93862 10.5065 0.0127196 -0.013227
4.76425 10.689 0.0124293 -0.0134465
5.2686 10.5379 0.0132439 -0.0136647
5.0758 10.7586 0.0129578 -0.0136642
5.55485 10.5929 0.0136525 -0.0141183
0.892733 11.3035 0.00323524 -0.00527634
0.858058 11.359 0.00314396 -0.00541708
1.90004 11.1634 0.00469518 -0.00763317
1.86268 11.2576 0.00482995 -0.00784965
2.66896 11.0265 0.00753473 -0.0105783
2.60986 11.1441 0.00759548 -0.0107769
3.28047 10.9143 0.00918428 -0.0114948
3.1821 11.0553 0.00912893 -0.0117978
3.79298 10.8463 0.0103301 -0.0121868
3.64591 11.0136 0.0101737 -0.0121774
4.21469 10.8324 0.0112719 -0.0131229
4.02317 11.0171 0.0109277 -0.0130298
4.56419 10.8739 0.0119949 -0.0136689
4.3436 11.0738 0.0115338 -0.0136316
0.806311 11.4169 0.00291295 -0.00553151
0.738564 11.4759 0.00251704 -0.00563807
1.80245 11.3544 0.00487138 -0.00800086
1.71591 11.4524 0.00481292 -0.00809949
2.52204 11.2704 0.00756733 -0.0108617
2.39878 11.4064 0.00740329 -0.0107347
3.05629 11.2077 0.00894856 -0.012057
2.89746 11.3705 0.00868374 -0.0121913
3.47885 11.1977 0.00994897 -0.0122989
3.28567 11.3935 0.00958075 -0.0125678
3.82167 11.2258 0.0106084 -0.0128691
0.658103 11.5344 0.00204375 -0.00579752
0.568734 11.5921 0.00157568 -0.00605691
1.60083 11.5503 0.00470945 -0.00811377
1.45703 11.6473 0.00457491 -0.00797332
2.23741 11.5523 0.00703392 -0.0102617
2.04076 11.7037 0.00651772 -0.00956326
2.70416 11.543 0.00843204 -0.0120974
2.47977 11.7282 0.00803454 -0.0116569
3.06231 11.5942 0.00912032 -0.0127434
0.474784 11.6522 0.00115055 -0.00643304
0.382503 11.7219 0.000795042 -0.00690884
1.28531 11.7453 0.00436443 -0.00770438
1.08528 11.8483 0.00381715 -0.0075157
1.81471 11.8533 0.00590256 -0.00885732
1.5735 11.9986 0.00516568 -0.00822489
0.29969 11.8134 0.000520967 -0.0074073
0.232132 11.9431 0.000324475 -0.00784507
0.871121 11.9642 0.00270551 -0.00743644
0.675901 12.1031 0.00142651 -0.00733401
0.18051 12.1303 0.000157157 -0.00804885
